 &FCI NORB=  12,NELEC=14,MS2=0,
  ORBSYM=1,1,1,1,1,1,1,1,1,1,1,1,
  ISYM=1,
 &END
0.2650838247620258 1 1 1 1
-0.002042950831615124 2 1 1 1
0.03377499595656065 2 1 2 1
0.2253950599472364 2 2 1 1
0.0038206390708063584 2 2 2 1
0.2078499422792146 2 2 2 2
4.8452036605671656e-05 3 1 1 1
-0.002751629932759623 3 1 2 1
-0.0013701683510294472 3 1 2 2
0.006766379030574333 3 1 3 1
-0.019331968835554478 3 2 1 1
-0.0006114075355473043 3 2 2 1
-0.012924869113733166 3 2 2 2
-5.431944567585593e-06 3 2 3 1
0.008129757517404062 3 2 3 2
0.29400434034902356 3 3 1 1
-0.0019198544629890472 3 3 2 1
0.24271655925025348 3 3 2 2
-0.0004382236510185222 3 3 3 1
-0.03064677905172206 3 3 3 2
0.4112871124345856 3 3 3 3
-0.001161759803683618 4 1 1 1
0.00012322630113011248 4 1 2 1
-0.0007651775056917586 4 1 2 2
-0.00010875681888892606 4 1 3 1
0.00035610056798883395 4 1 3 2
-0.0016523890344401502 4 1 3 3
0.0060335875266581945 4 1 4 1
-0.0012431105201379934 4 2 1 1
-0.001128335438884339 4 2 2 1
-0.001044516280918264 4 2 2 2
0.0021495804839358466 4 2 3 1
-9.791810281354927e-05 4 2 3 2
-0.000968656563743303 4 2 3 3
-0.002303453295543325 4 2 4 1
0.05498575618255238 4 2 4 2
-0.00028036593194827737 4 3 1 1
2.0493140376243492e-05 4 3 2 1
-0.00023318870882763608 4 3 2 2
0.0004188318913669832 4 3 3 1
-6.365492284072033e-05 4 3 3 2
-0.0002247435706856405 4 3 3 3
-0.00038839490788116025 4 3 4 1
0.00926991906208817 4 3 4 2
0.014002360082167504 4 3 4 3
0.30343661040193487 4 4 1 1
-0.0026532386884502196 4 4 2 1
0.2515072601502102 4 4 2 2
-0.0005790343111314877 4 4 3 1
-0.029129414549455317 4 4 3 2
0.41387249399443476 4 4 3 3
-0.002019634305548918 4 4 4 1
-0.001209843408536589 4 4 4 2
-0.0002537093040145726 4 4 4 3
0.4670854691317644 4 4 4 4
-0.00035925471303020697 5 1 1 1
-0.0001277218116550277 5 1 2 1
-0.00016955707801087478 5 1 2 2
0.0008988743884346578 5 1 3 1
-9.010554828732371e-05 5 1 3 2
8.559740146435498e-05 5 1 3 3
-0.0009980397111433816 5 1 4 1
0.023034343422485906 5 1 4 2
0.0021505142314783092 5 1 4 3
3.2336374053695885e-05 5 1 4 4
0.016016816617380324 5 1 5 1
-0.0005008398041017422 5 2 1 1
0.00011129267038203648 5 2 2 1
-0.00019371678335625722 5 2 2 2
-1.906982687885761e-05 5 2 3 1
0.00014567028494979665 5 2 3 2
-0.001427480282325031 5 2 3 3
0.0014868859020881764 5 2 4 1
0.0007663647234771134 5 2 4 2
0.00016845327595806184 5 2 4 3
-0.0016087873881322468 5 2 4 4
0.00013302773319624251 5 2 5 1
0.0037036211353041856 5 2 5 2
1.1064734752490698e-05 5 3 1 1
2.5874356311906436e-05 5 3 2 1
-0.00010521956318506607 5 3 2 2
-5.724966155026741e-05 5 3 3 1
-5.796801390439221e-06 5 3 3 2
-0.00028195348026992923 5 3 3 3
0.0001684136268856644 5 3 4 1
-0.0004915304921968635 5 3 4 2
-0.0001283747759105925 5 3 4 3
-0.0004627396728154867 5 3 4 4
-0.00035605951582660527 5 3 5 1
0.00012020722553667837 5 3 5 2
0.006567901402092648 5 3 5 3
-0.0002406388892923796 5 4 1 1
0.00018067437525761613 5 4 2 1
0.0007813290418441835 5 4 2 2
0.002296700046392526 5 4 3 1
-0.00010177409569906879 5 4 3 2
0.00015078765437319543 5 4 3 3
1.6382881050014765e-05 5 4 4 1
-0.000416087213448692 5 4 4 2
-2.1668320199300014e-05 5 4 4 3
0.00020570698010206315 5 4 4 4
-0.0002912432013602578 5 4 5 1
-4.0496227067033145e-06 5 4 5 2
-2.262362889940099e-05 5 4 5 3
0.01194737868695143 5 4 5 4
0.27763313758895425 5 5 1 1
-0.0019246142190729205 5 5 2 1
0.23144430839788688 5 5 2 2
-0.0003658965232784945 5 5 3 1
-0.026732467085467757 5 5 3 2
0.3699616449246758 5 5 3 3
-0.0013677825846274499 5 5 4 1
-0.0008172001632130272 5 5 4 2
-0.00012073876655461027 5 5 4 3
0.38246971290597703 5 5 4 4
7.451406698595381e-05 5 5 5 1
-0.0013799633177483356 5 5 5 2
-0.0002681461395475592 5 5 5 3
0.0001989488368520261 5 5 5 4
0.3556998263143135 5 5 5 5
1.834009484612844e-05 6 1 1 1
-0.00010962841639739973 6 1 2 1
-0.0002686128213525713 6 1 2 2
3.387977108551617e-05 6 1 3 1
-5.2000786850693926e-05 6 1 3 2
0.0011910122158264177 6 1 3 3
-2.9923364497708266e-05 6 1 4 1
0.0016646607378945594 6 1 4 2
0.00014758648965140997 6 1 4 3
0.001136138240942543 6 1 4 4
0.0009035809868571651 6 1 5 1
-0.00010345604799331686 6 1 5 2
0.0007451215261165489 6 1 5 3
-1.2500100397319146e-05 6 1 5 4
0.0010650007266946556 6 1 5 5
0.003109265394774852 6 1 6 1
0.0002947041127560528 6 2 1 1
-0.0007444847348378823 6 2 2 1
6.603752229039167e-06 6 2 2 2
-0.00022042262085216217 6 2 3 1
-5.141687287788306e-05 6 2 3 2
0.00044165219534779155 6 2 3 3
0.0003550410382669964 6 2 4 1
-0.006112920989020375 6 2 4 2
0.0022921882924567083 6 2 4 3
0.0005851673784648386 6 2 4 4
-0.004266988259471665 6 2 5 1
-1.776762071927747e-05 6 2 5 2
0.00012216944073364968 6 2 5 3
0.0002488043314667672 6 2 5 4
0.0004209855898194849 6 2 5 5
-0.0003208026883020276 6 2 6 1
0.005063092264305031 6 2 6 2
-0.0008601441375154451 6 3 1 1
-0.0009293585922804611 6 3 2 1
-0.0006431710342078266 6 3 2 2
0.0021149300691283043 6 3 3 1
-0.00016174490297374148 6 3 3 2
-0.00015343749987237787 6 3 3 3
-0.0018623310560873206 6 3 4 1
0.045339479777589335 6 3 4 2
0.010535058703087227 6 3 4 3
-0.0001795790913183094 6 3 4 4
0.02385271447485041 6 3 5 1
0.0006213051406334052 6 3 5 2
-0.0006907184482980554 6 3 5 3
-0.0001155632511089882 6 3 5 4
-6.948889499799643e-05 6 3 5 5
0.0016995389401742128 6 3 6 1
-0.007109635729018818 6 3 6 2
0.06037489161528575 6 3 6 3
0.0027176097847850284 6 4 1 1
7.160106324418185e-06 6 4 2 1
0.0005757701806099993 6 4 2 2
-7.935683548236797e-05 6 4 3 1
0.003187534482083268 6 4 3 2
0.005295071719636285 6 4 3 3
9.099111444883066e-05 6 4 4 1
0.00048590362003500916 6 4 4 2
9.543051157841982e-05 6 4 4 3
0.005778496930014346 6 4 4 4
0.0002252318792580832 6 4 5 1
0.0001230105315274924 6 4 5 2
5.562197329878918e-06 6 4 5 3
3.0830654151456445e-06 6 4 5 4
0.0024501325655765134 6 4 5 5
8.651653642864115e-05 6 4 6 1
-4.9044167176028066e-05 6 4 6 2
0.00047574066547216646 6 4 6 3
0.012305617581659045 6 4 6 4
-3.775605467686589e-05 6 5 1 1
0.0034185427408052046 6 5 2 1
-0.0005394101853876304 6 5 2 2
0.001245578156520983 6 5 3 1
-5.3093345128020944e-05 6 5 3 2
3.0295165887564892e-05 6 5 3 3
-0.00012530841516582584 6 5 4 1
0.0032151572123517683 6 5 4 2
0.0006358019742279642 6 5 4 3
-9.841243395560526e-05 6 5 4 4
0.0016253885064151628 6 5 5 1
5.279181045106126e-05 6 5 5 2
-5.983428703296757e-05 6 5 5 3
0.00037227125092231046 6 5 5 4
-0.00010450778867610996 6 5 5 5
0.0001242938873128781 6 5 6 1
-0.0005398115240937005 6 5 6 2
0.0032578273298956065 6 5 6 3
1.4368931032617201e-05 6 5 6 4
0.009736807143905712 6 5 6 5
0.2811428727231359 6 6 1 1
-0.002350921883846975 6 6 2 1
0.23051558889523402 6 6 2 2
-7.740356461019637e-05 6 6 3 1
-0.0247059130947923 6 6 3 2
0.37468606507535374 6 6 3 3
-0.0015479070064228645 6 6 4 1
-0.00039894853899841414 6 6 4 2
-3.933764480954795e-05 6 6 4 3
0.3952851590348052 6 6 4 4
0.0002516056685266848 6 6 5 1
-0.0015927363219656152 6 6 5 2
0.00010713068633862723 6 6 5 3
0.00016657600879128257 6 6 5 4
0.3491029454467614 6 6 5 5
0.0014501180932686786 6 6 6 1
0.0004836260642179827 6 6 6 2
0.00041067226228283196 6 6 6 3
0.004870781605093553 6 6 6 4
-8.159634190970126e-05 6 6 6 5
0.3823492407148108 6 6 6 6
-0.0016258159570657535 7 1 1 1
0.018036218799972064 7 1 2 1
0.003203066532491425 7 1 2 2
-0.0018697419204688223 7 1 3 1
-0.000368833164162284 7 1 3 2
0.0006443594607956784 7 1 3 3
0.00011767294366950921 7 1 4 1
0.0003360678949996466 7 1 4 2
-0.00015098658161344955 7 1 4 3
0.0010906723791779718 7 1 4 4
0.0004947392034480361 7 1 5 1
5.751670277058845e-05 7 1 5 2
1.9555138456107228e-05 7 1 5 3
-0.0010685088073011273 7 1 5 4
0.000680926081858069 7 1 5 5
3.928242833202979e-05 7 1 6 1
-0.0006686974094311025 7 1 6 2
0.0003380405597474991 7 1 6 3
-3.290067234931625e-05 7 1 6 4
-0.0022075519229912736 7 1 6 5
0.0006588191171030518 7 1 6 6
0.01809452506833626 7 1 7 1
-0.020396017109980402 7 2 1 1
0.0030311824480629764 7 2 2 1
-0.010194011935704144 7 2 2 2
-0.00032515814193710907 7 2 3 1
0.004143549149809265 7 2 3 2
-0.062098788363456205 7 2 3 3
0.00040550962731765596 7 2 4 1
0.00040886172071122686 7 2 4 2
0.00012706268166074103 7 2 4 3
-0.08114201521421452 7 2 4 4
5.680474298764144e-05 7 2 5 1
0.000689883147563021 7 2 5 2
0.0001451162267370532 7 2 5 3
0.00011210037147033355 7 2 5 4
-0.05459330406476177 7 2 5 5
-0.0007691380371696033 7 2 6 1
-0.00023895643779307335 7 2 6 2
0.0001012176346217031 7 2 6 3
-0.0018187383020255071 7 2 6 4
-1.539110291101865e-05 7 2 6 5
-0.06354117235007926 7 2 6 6
0.00041556841805090526 7 2 7 1
0.03518308634797801 7 2 7 2
0.007434899933346931 7 3 1 1
-0.0003882280330408376 7 3 2 1
0.005638567508982044 7 3 2 2
5.0946520193952675e-05 7 3 3 1
-0.005363800905684652 7 3 3 2
0.018529536889948295 7 3 3 3
-0.0002858082683433825 7 3 4 1
0.0008247205803094421 7 3 4 2
0.00016176223160730617 7 3 4 3
0.020159132822311743 7 3 4 4
0.00043147269524257257 7 3 5 1
-0.00018198654884670835 7 3 5 2
-8.322748757239748e-05 7 3 5 3
9.921465081990073e-05 7 3 5 4
0.01650571732021028 7 3 5 5
0.00010831452268972953 7 3 6 1
-6.407661478685794e-05 7 3 6 2
0.0009194691597417159 7 3 6 3
-0.0065045645160291005 7 3 6 4
0.00010049967169144025 7 3 6 5
0.01237901582622107 7 3 6 6
5.9239745417552946e-05 7 3 7 1
-0.00767375520948054 7 3 7 2
0.01088040685602841 7 3 7 3
0.0011960798655339705 7 4 1 1
0.00146978893661784 7 4 2 1
0.0009808850513942087 7 4 2 2
-0.0033566903932117087 7 4 3 1
0.0003685738184291663 7 4 3 2
-0.00016641250690620487 7 4 3 3
0.0036013479507698066 7 4 4 1
-0.08809701028661708 7 4 4 2
-0.01796527732300692 7 4 4 3
-0.0002137654966201115 7 4 4 4
-0.03687980530684342 7 4 5 1
-0.0007961797733614905 7 4 5 2
0.0009613042337271974 7 4 5 3
0.000558229809583371 7 4 5 4
-0.00025907245323060555 7 4 5 5
-0.002748914904554234 7 4 6 1
0.008723539487355747 7 4 6 2
-0.07492278484881087 7 4 6 3
-0.0007754018875181452 7 4 6 4
-0.005273275216011225 7 4 6 5
-0.0010728695331244085 7 4 6 6
-0.0007789739301156724 7 4 7 1
-2.965351874826416e-05 7 4 7 2
-0.0015837384715581704 7 4 7 3
0.14796043561289612 7 4 7 4
0.00014503670904386065 7 5 1 1
0.00012461902353581107 7 5 2 1
0.0003057845889562423 7 5 2 2
4.40938628087931e-05 7 5 3 1
-8.485157666858607e-05 7 5 3 2
0.0002076282366820673 7 5 3 3
-0.0038536798252979763 7 5 4 1
0.0004145297299773288 7 5 4 2
0.00014030126879824694 7 5 4 3
6.495339141788647e-05 7 5 4 4
0.00018612935438140017 7 5 5 1
-0.0025331240254234453 7 5 5 2
0.0004902911008254396 7 5 5 3
-1.4545651079671133e-05 7 5 5 4
8.328606575396198e-05 7 5 5 5
-0.0009056208674534166 7 5 6 1
-0.00013538654011423207 7 5 6 2
0.00029453857303191814 7 5 6 3
-0.0003207088610615528 7 5 6 4
3.2590923424744166e-05 7 5 6 5
-0.0003408470716589374 7 5 6 6
3.9124957524450015e-05 7 5 7 1
0.0001449490962336701 7 5 7 2
7.834011379145044e-05 7 5 7 3
-0.00048647990464508866 7 5 7 4
0.009604242437660136 7 5 7 5
0.0008065216324070919 7 6 1 1
0.00011482334265073452 7 6 2 1
0.0004852199101064612 7 6 2 2
-0.0013430894807596597 7 6 3 1
0.0001515364788220765 7 6 3 2
0.00036568821635577225 7 6 3 3
0.0012750460754601632 7 6 4 1
-0.03485378652087284 7 6 4 2
-0.012679143465387805 7 6 4 3
0.0001726683884746163 7 6 4 4
-0.015157395759899673 7 6 5 1
-0.0006419296836121333 7 6 5 2
0.0004566674164887072 7 6 5 3
-0.00013853316512616565 7 6 5 4
0.00024168295915227476 7 6 5 5
-0.0011165607296120949 7 6 6 1
-6.916425623337084e-05 7 6 6 2
-0.03551779422438865 7 6 6 3
-0.0003999823075132163 7 6 6 4
-0.002507286158397688 7 6 6 5
-0.0001489207395839707 7 6 6 6
-0.0005108201215883562 7 6 7 1
-0.0001447843792174225 7 6 7 2
-0.0006210465399013393 7 6 7 3
0.06046087059221966 7 6 7 4
-0.00022940415793268971 7 6 7 5
0.03643403151467048 7 6 7 6
0.2815801986119074 7 7 1 1
-0.0012064045783772136 7 7 2 1
0.23867047763024954 7 7 2 2
-0.0005028461384955805 7 7 3 1
-0.025229302470447315 7 7 3 2
0.3557670628661531 7 7 3 3
-0.0016247166663309657 7 7 4 1
-0.0004997038383540909 7 7 4 2
-0.0002809908070193993 7 7 4 3
0.3911200724288383 7 7 4 4
0.0002262890076938987 7 7 5 1
-0.0011052053596476564 7 7 5 2
-0.00033484336736533 7 7 5 3
0.00012769865818977735 7 7 5 4
0.3314374899076991 7 7 5 5
0.0005525466645001644 7 7 6 1
0.00030440102839612805 7 7 6 2
9.824203846635202e-05 7 7 6 3
0.00823973799895954 7 7 6 4
-3.8332511307973905e-05 7 7 6 5
0.341739876540684 7 7 6 6
0.0005419363909178524 7 7 7 1
-0.05334819369967449 7 7 7 2
0.014937364501784775 7 7 7 3
-0.000726658760470047 7 7 7 4
0.0001246380405926801 7 7 7 5
-1.0777958982294625e-05 7 7 7 6
0.3456668123402535 7 7 7 7
-0.00029536075782249003 8 1 1 1
0.01004132765990949 8 1 2 1
0.0025559550607627693 8 1 2 2
-0.003143040906565875 8 1 3 1
-0.00037052718842313603 8 1 3 2
0.001518831008134053 8 1 3 3
-7.28899461333101e-05 8 1 4 1
0.0028319789080822697 8 1 4 2
0.0005953569826574594 8 1 4 3
0.0020533133274944202 8 1 4 4
0.0016858776633973435 8 1 5 1
5.02541196994217e-05 8 1 5 2
-3.053409363987688e-05 8 1 5 3
-0.0021172531973427874 8 1 5 4
0.0013587700874510822 8 1 5 5
9.260442022210783e-05 8 1 6 1
-0.0008166080541456727 8 1 6 2
0.003021334871161364 8 1 6 3
-0.00017373274858593872 8 1 6 4
0.00014905281174925283 8 1 6 5
0.0016174652478740785 8 1 6 6
0.00804522427254795 8 1 7 1
4.0188668214965526e-05 8 1 7 2
0.0002557443538186415 8 1 7 3
-0.004849728982516269 8 1 7 4
4.5893881384426505e-05 8 1 7 5
-0.0023911511546977886 8 1 7 6
0.001457224207970519 8 1 7 7
0.009938787855408856 8 1 8 1
-0.013884316996210032 8 2 1 1
0.0028669516312321537 8 2 2 1
-0.006909665889359206 8 2 2 2
3.756420775571324e-06 8 2 3 1
0.003745945795589443 8 2 3 2
-0.03930994038544662 8 2 3 3
0.00046521769558651387 8 2 4 1
0.0004314095699414874 8 2 4 2
8.08407126341216e-05 8 2 4 3
-0.04974843979286526 8 2 4 4
0.00013444458425428992 8 2 5 1
0.000523265970471881 8 2 5 2
1.5144867646245951e-05 8 2 5 3
-0.0002766966851291256 8 2 5 4
-0.03593780021004796 8 2 5 5
-0.0006622422990388299 8 2 6 1
-0.00026875489305933775 8 2 6 2
0.00019124296255640058 8 2 6 3
0.0025807777116975926 8 2 6 4
0.0004356123438256014 8 2 6 5
-0.04104171498921211 8 2 6 6
0.0005477017139637195 8 2 7 1
0.019463791016275087 8 2 7 2
-0.0051038599774285666 8 2 7 3
-0.0002325524131869199 8 2 7 4
0.00011241327885402156 8 2 7 5
-0.00021991784401222667 8 2 7 6
-0.03079542573041196 8 2 7 7
0.00014039989536527198 8 2 8 1
0.015273856159879674 8 2 8 2
-0.008445763536305391 8 3 1 1
4.440138116242241e-05 8 3 2 1
-0.006711470093563811 8 3 2 2
0.0001791384317068811 8 3 3 1
0.00030071437298622366 8 3 3 2
-0.018647129772245908 8 3 3 3
8.139967055623827e-05 8 3 4 1
0.00011449472364943842 8 3 4 2
2.2156959778862356e-05 8 3 4 3
-0.024872798221837203 8 3 4 4
-2.6419747081380502e-05 8 3 5 1
0.00018155612166880452 8 3 5 2
0.00023586052089539996 8 3 5 3
-0.00010560532419449943 8 3 5 4
-0.014069305869633723 8 3 5 5
0.0001433086203852173 8 3 6 1
-4.520620523841616e-05 8 3 6 2
-1.3848325179047108e-06 8 3 6 3
-0.002813192252738666 8 3 6 4
-6.770556523688015e-05 8 3 6 5
-0.007578396350711239 8 3 6 6
-0.00022519956507884858 8 3 7 1
0.006209084751407897 8 3 7 2
-0.001646943928240231 8 3 7 3
-2.8798723040773973e-05 8 3 7 4
-0.0001557818757272886 8 3 7 5
7.49714352601328e-05 8 3 7 6
-0.017853917614351112 8 3 7 7
-0.00023096216899769748 8 3 8 1
0.002540984690231494 8 3 8 2
0.010990276838186154 8 3 8 3
0.0006808246213827373 8 4 1 1
0.0016188691183225495 8 4 2 1
0.0005602988950354866 8 4 2 2
-0.0021056136383059746 8 4 3 1
0.00021111703542636386 8 4 3 2
-0.00022408580575585706 8 4 3 3
0.0022449125686498073 8 4 4 1
-0.0553366013556862 8 4 4 2
-0.008988331044557004 8 4 4 3
-0.00022526945191491798 8 4 4 4
-0.024196129895484232 8 4 5 1
-0.0006258856470629751 8 4 5 2
0.0005954242847347178 8 4 5 3
0.00025880036152706653 8 4 5 4
-0.0002369270043163865 8 4 5 5
-0.0018580970125423254 8 4 6 1
0.009056253640690104 8 4 6 2
-0.04579265414201232 8 4 6 3
-0.0005203541803022289 8 4 6 4
-0.00285811021966452 8 4 6 5
-0.0006384554758494107 8 4 6 6
-0.000731934347341153 8 4 7 1
1.4228216611556986e-05 8 4 7 2
-0.0009587103675804671 8 4 7 3
0.08806061613549691 8 4 7 4
-9.628346733180345e-05 8 4 7 5
0.03107742724206085 8 4 7 6
-0.0005699487737710882 8 4 7 7
-0.003000078919040589 8 4 8 1
-0.00012525351491108656 8 4 8 2
2.7975158753628975e-05 8 4 8 3
0.062042221765091866 8 4 8 4
0.0005671685936777296 8 5 1 1
1.3116661465293701e-05 8 5 2 1
0.00023401169809270645 8 5 2 2
-9.035578085715831e-05 8 5 3 1
-8.232633382655627e-05 8 5 3 2
0.00039964274930303175 8 5 3 3
0.0009514535741384343 8 5 4 1
-0.0019261789299837696 8 5 4 2
-0.00020070769068406206 8 5 4 3
0.0009675710041681752 8 5 4 4
-0.000836685541502794 8 5 5 1
-0.002394387826488149 8 5 5 2
-0.0017097254968970333 8 5 5 3
-1.1089570547281402e-06 8 5 5 4
0.0007456604843058033 8 5 5 5
0.0011287072441243183 8 5 6 1
0.0005271228889437066 8 5 6 2
-0.0017547601334351902 8 5 6 3
-0.00020207944111731154 8 5 6 4
-0.00013493310617771498 8 5 6 5
0.0015187636470654375 8 5 6 6
4.1914797469373623e-05 8 5 7 1
-0.00039009138465518494 8 5 7 2
0.00017139462596266463 8 5 7 3
0.002775032817172378 8 5 7 4
-0.0011331567355648846 8 5 7 5
0.0012147696334287577 8 5 7 6
0.0008542304400414494 8 5 7 7
-5.4035620965819516e-05 8 5 8 1
-0.000408833959612523 8 5 8 2
-0.00014582252093594804 8 5 8 3
0.0017983956263824107 8 5 8 4
0.009863447292691056 8 5 8 5
-0.0011973622208948096 8 6 1 1
-0.0022018453567035803 8 6 2 1
-0.0010916621019605496 8 6 2 2
0.002837364581328264 8 6 3 1
-0.00024352901658438966 8 6 3 2
-0.00015888389309013368 8 6 3 3
-0.002801890845841972 8 6 4 1
0.06759889558379348 8 6 4 2
0.008829508771688095 8 6 4 3
-0.00024611534065591286 8 6 4 4
0.03369566332607684 8 6 5 1
0.0009815830997330242 8 6 5 2
-0.00092118395721015 8 6 5 3
-0.0004355561944459836 8 6 5 4
-0.00012223132543989692 8 6 5 5
0.002519518497695746 8 6 6 1
-0.010012117730674506 8 6 6 2
0.067668063565729 8 6 6 3
0.0006327025543895405 8 6 6 4
0.004534933877290813 8 6 6 5
0.000649166788738921 8 6 6 6
0.00014992260941210043 8 6 7 1
4.2911670755690516e-05 8 6 7 2
0.0012293750802328638 8 6 7 3
-0.10799221028369738 8 6 7 4
0.00044670305268963164 8 6 7 5
-0.051500999496928095 8 6 7 6
0.0002629537513791519 8 6 7 7
0.003917680619154845 8 6 8 1
0.0002503324783497627 8 6 8 2
1.4886172876451069e-05 8 6 8 3
-0.07101155565119317 8 6 8 4
-0.0025167963805942267 8 6 8 5
0.10630654216950305 8 6 8 6
0.011452014061923064 8 7 1 1
0.0008211690213023191 8 7 2 1
0.010707727079659043 8 7 2 2
-0.00016619017256497813 8 7 3 1
-0.00357383779416841 8 7 3 2
0.011613654865499388 8 7 3 3
-0.0003162766525303496 8 7 4 1
0.00026545865405806486 8 7 4 2
1.8819292582942907e-05 8 7 4 3
0.015236338362154125 8 7 4 4
0.00018485417484160346 8 7 5 1
0.0001440108470212378 8 7 5 2
-2.9986378975103547e-05 8 7 5 3
0.00011771186912485368 8 7 5 4
0.00973359354648003 8 7 5 5
-0.0002907183615094964 8 7 6 1
-8.327878713360164e-05 8 7 6 2
0.0003469409325993389 8 7 6 3
-0.003061782000666612 8 7 6 4
0.00022488397402143807 8 7 6 5
0.0007391204192657294 8 7 6 6
9.822044078792122e-05 8 7 7 1
0.0027847954324628304 8 7 7 2
0.001353871735548654 8 7 7 3
-0.0005183434672213612 8 7 7 4
8.863426306116989e-05 8 7 7 5
-0.00024615301986935566 8 7 7 6
0.011945162138518945 8 7 7 7
0.0002315127178270441 8 7 8 1
0.0006480527092831679 8 7 8 2
-0.0016708572079101014 8 7 8 3
-0.00031429792366642666 8 7 8 4
-0.00031354370785307645 8 7 8 5
0.00042979730963023485 8 7 8 6
0.00981981453687416 8 7 8 7
0.2741578778187901 8 8 1 1
-0.0012512822254930308 8 8 2 1
0.23121905552712613 8 8 2 2
-0.0003715362645222324 8 8 3 1
-0.024181256616192845 8 8 3 2
0.34959536583359424 8 8 3 3
-0.002102397430211541 8 8 4 1
-0.0009209444109663269 8 8 4 2
-0.0002301655135119072 8 8 4 3
0.3795655296739747 8 8 4 4
-2.375193331464651e-05 8 8 5 1
-0.0013575681110000553 8 8 5 2
-0.00018379406571426897 8 8 5 3
0.00043483437525309264 8 8 5 4
0.32808024566685295 8 8 5 5
0.0009549215871162161 8 8 6 1
0.0004031783345884196 8 8 6 2
-0.00024377022164203118 8 8 6 3
-0.002702873763274373 8 8 6 4
-0.00021055794231729212 8 8 6 5
0.3457323936270206 8 8 6 6
0.0008406746069542962 8 8 7 1
-0.05336887655965231 8 8 7 2
0.016438741774189355 8 8 7 3
-3.353247808938326e-05 8 8 7 4
0.00047977790682021633 8 8 7 5
0.0003122752371289017 8 8 7 6
0.32877780113817995 8 8 7 7
0.0016174604680327935 8 8 8 1
-0.03535804233728136 8 8 8 2
-0.015009210249628755 8 8 8 3
-5.84891343056068e-05 8 8 8 4
0.0007191026936048017 8 8 8 5
-0.0003129227163033027 8 8 8 6
0.008904247256270889 8 8 8 7
0.33492677956623906 8 8 8 8
0.003322045824079602 9 1 1 1
0.0015650379212833615 9 1 2 1
0.0018801038351311584 9 1 2 2
-0.0025181963839368405 9 1 3 1
-0.0003341495093737635 9 1 3 2
0.005055119523848551 9 1 3 3
0.0023628534527224956 9 1 4 1
-0.05265683383375329 9 1 4 2
-0.011194540056642876 9 1 4 3
0.005790854578680468 9 1 4 4
-0.02663194413517072 9 1 5 1
-0.0002621162190118551 9 1 5 2
0.0006877803229836741 9 1 5 3
0.00018934150545787642 9 1 5 4
0.004501183068489456 9 1 5 5
-0.0019913354919772423 9 1 6 1
0.008286567418312692 9 1 6 2
-0.05227404216578632 9 1 6 3
-0.0003863738228685812 9 1 6 4
-0.0034880105587913397 9 1 6 5
0.004659870868596764 9 1 6 6
4.54192943266093e-05 9 1 7 1
-0.001978027268820102 9 1 7 2
-0.0005906783672030858 9 1 7 3
0.08814578431112227 9 1 7 4
-0.0004009871572517329 9 1 7 5
0.0380495858150725 9 1 7 6
0.0038314834390780726 9 1 7 7
-0.003122505832044016 9 1 8 1
-0.0013576497438493739 9 1 8 2
-0.0002867732481795684 9 1 8 3
0.053620725012939054 9 1 8 4
0.002044954761689714 9 1 8 5
-0.07173634979635948 9 1 8 6
-0.0004551436349565721 9 1 8 7
0.004425450292425116 9 1 8 8
0.06928436825472671 9 1 9 1
-0.00016673886425368624 9 2 1 1
-0.0008364405025104162 9 2 2 1
-0.00031378894087543476 9 2 2 2
3.08901164524854e-05 9 2 3 1
9.276825165312522e-05 9 2 3 2
-0.0011925630795667605 9 2 3 3
-0.0031783178375571043 9 2 4 1
0.00027165445037939575 9 2 4 2
0.00016882080890541994 9 2 4 3
-0.0016406296568421035 9 2 4 4
0.0001540218073592001 9 2 5 1
-0.0010499829687745008 9 2 5 2
0.00038705201742287004 9 2 5 3
7.975487504720678e-05 9 2 5 4
-0.001263752012693357 9 2 5 5
0.0014932006862025267 9 2 6 1
2.7238532178629932e-05 9 2 6 2
0.0005200210009751419 9 2 6 3
0.0004205793392541466 9 2 6 4
-1.046641784107327e-05 9 2 6 5
-0.001147125023495704 9 2 6 6
-0.000661073643084026 9 2 7 1
0.000760520882085412 9 2 7 2
-0.00023230064553920684 9 2 7 3
-0.0010020600932160789 9 2 7 4
0.0001941212683841763 9 2 7 5
-0.00014913513817414072 9 2 7 6
-0.0008288713201615257 9 2 7 7
-0.0003250311101873311 9 2 8 1
4.8487411441463593e-05 9 2 8 2
2.9506231428570008e-05 9 2 8 3
-0.00046434700062332815 9 2 8 4
0.0003661716452715691 9 2 8 5
0.00042678751191240556 9 2 8 6
0.00013437347804607985 9 2 8 7
-0.0008201216202197182 9 2 8 8
-0.0012452203774465998 9 2 9 1
0.00726134135123404 9 2 9 2
-0.0011983730063864129 9 3 1 1
0.00011367532708209312 9 3 2 1
-0.0006813180289127153 9 3 2 2
0.00016646443951734226 9 3 3 1
0.0001679768224758107 9 3 3 2
-0.0019228500067659698 9 3 3 3
-0.0008031789667653694 9 3 4 1
-0.00039927183185810376 9 3 4 2
-8.348185562448918e-05 9 3 4 3
-0.0025058022134364947 9 3 4 4
-8.379266625506272e-05 9 3 5 1
-0.0022345162968755556 9 3 5 2
-0.0009381055625540254 9 3 5 3
0.00016846250825289339 9 3 5 4
-0.0013862976143338888 9 3 5 5
-0.0012437175962062568 9 3 6 1
0.00024760113229940577 9 3 6 2
-0.00036442986034185927 9 3 6 3
-6.498133855086964e-05 9 3 6 4
-3.129533286369225e-05 9 3 6 5
-0.000991535938265881 9 3 6 6
0.00014064716776281854 9 3 7 1
0.00067712300725137 9 3 7 2
-0.000186367915982659 9 3 7 3
0.0006112031828843792 9 3 7 4
0.0022392633439645704 9 3 7 5
0.0002482156693006413 9 3 7 6
-0.0016481575764146705 9 3 7 7
-1.832068988151141e-05 9 3 8 1
0.00024293570177169786 9 3 8 2
9.935231126084443e-05 9 3 8 3
0.0004048038339212418 9 3 8 4
0.003731536287909577 9 3 8 5
-0.000309846242973539 9 3 8 6
-0.00039659002821652563 9 3 8 7
-0.0014969621063125166 9 3 8 8
0.0004483849993657666 9 3 9 1
0.0007093405632017365 9 3 9 2
0.010869490463426317 9 3 9 3
0.00042869808584280306 9 4 1 1
-0.005798951650008034 9 4 2 1
-0.0005071193821387032 9 4 2 2
0.0006626607045591239 9 4 3 1
4.816351665453078e-05 9 4 3 2
-0.0001766933381152859 9 4 3 3
0.00038221672947844694 9 4 4 1
-0.0022984005509219083 9 4 4 2
-0.0003002060318453263 9 4 4 3
-0.00019870640350690626 9 4 4 4
-0.0010314137106888495 9 4 5 1
6.135443451608222e-05 9 4 5 2
2.436443146335632e-05 9 4 5 3
-0.0011767549475627534 9 4 5 4
-4.6255242438940787e-05 9 4 5 5
-0.00011502851334312765 9 4 6 1
0.0006103259859516603 9 4 6 2
-0.0017595198417446557 9 4 6 3
-7.086859076151534e-05 9 4 6 4
-0.0037692363526441583 9 4 6 5
-0.000269604642652765 9 4 6 6
0.0033583120802323833 9 4 7 1
-0.0001750987893510147 9 4 7 2
-2.1790272457585254e-05 9 4 7 3
0.003796477635538048 9 4 7 4
-0.0002185256683881362 9 4 7 5
0.0010376456374156838 9 4 7 6
-0.00020405635056821347 9 4 7 7
0.0015626398455841355 9 4 8 1
-5.249510986990392e-05 9 4 8 2
4.2483328295088515e-05 9 4 8 3
0.0021264017622559714 9 4 8 4
8.988306673737934e-05 9 4 8 5
-0.0027134996261846114 9 4 8 6
-0.00022713702067031895 9 4 8 7
-0.0003758967807021847 9 4 8 8
0.00233760058697664 9 4 9 1
-0.00028373193296106237 9 4 9 2
-5.6512070913055054e-05 9 4 9 3
0.011059576679954814 9 4 9 4
-0.005418019635354369 9 5 1 1
0.0001240661259241528 9 5 2 1
-0.0016025042729272169 9 5 2 2
-3.9997580159305786e-05 9 5 3 1
0.0014614635431788223 9 5 3 2
-0.0030949109433920266 9 5 3 3
0.00019678392382383459 9 5 4 1
0.0015243132886575545 9 5 4 2
0.00020069732762077665 9 5 4 3
-0.004941266212169811 9 5 4 4
0.0009350872382402135 9 5 5 1
5.116469995170266e-05 9 5 5 2
-0.00023473946996218912 9 5 5 3
-7.104245502197877e-05 9 5 5 4
-0.004493446668693895 9 5 5 5
-3.476534411506197e-05 9 5 6 1
-0.00026905070177305466 9 5 6 2
0.0015415510446150145 9 5 6 3
0.0032874184518582867 9 5 6 4
0.0001397210627535311 9 5 6 5
-0.00842502872786257 9 5 6 6
8.796908010147538e-06 9 5 7 1
0.00228563485714469 9 5 7 2
-0.0021949563241259957 9 5 7 3
-0.0024019373021222814 9 5 7 4
-0.0001416025999713339 9 5 7 5
-0.0010597073805126802 9 5 7 6
-0.0033248198812023985 9 5 7 7
0.00011850528906891714 9 5 8 1
0.0025084447221808918 9 5 8 2
-0.0021673255967275843 9 5 8 3
-0.0015890496440266414 9 5 8 4
-7.47968505275817e-05 9 5 8 5
0.0021665893635620824 9 5 8 6
0.0008383948131456013 9 5 8 7
-0.007205874361121642 9 5 8 8
-0.0019809894996983485 9 5 9 1
6.943013635174866e-05 9 5 9 2
5.5596381975501414e-05 9 5 9 3
-5.625476786714765e-05 9 5 9 4
0.00893081905232313 9 5 9 5
-0.00040815706328649077 9 6 1 1
0.0024515329311829833 9 6 2 1
-0.0005095923998936815 9 6 2 2
-0.0010730983129825509 9 6 3 1
6.381244607785291e-05 9 6 3 2
-0.0003617768427806912 9 6 3 3
-0.0002048999343925638 9 6 4 1
0.004920998785811193 9 6 4 2
0.0007597695306523869 9 6 4 3
-0.00036325597943646037 9 6 4 4
0.00232006773492138 9 6 5 1
5.646454742153989e-05 9 6 5 2
-2.6155444832115302e-05 9 6 5 3
-0.0005072328467447874 9 6 5 4
-0.00038530439822965194 9 6 5 5
0.0003068755364873612 9 6 6 1
-0.0007066004069708641 9 6 6 2
0.004892020086742661 9 6 6 3
6.92456715424896e-05 9 6 6 4
0.00220634467854519 9 6 6 5
-0.00029327786202552723 9 6 6 6
0.0003802770286919422 9 6 7 1
5.611846794413896e-05 9 6 7 2
4.756608185235768e-05 9 6 7 3
-0.007890121363583436 9 6 7 4
-1.4351132530334596e-05 9 6 7 5
-0.003761674651703023 9 6 7 6
-0.0002336998162056306 9 6 7 7
-0.002088222013967428 9 6 8 1
0.00028264435639145847 9 6 8 2
6.11764038102297e-05 9 6 8 3
-0.0048702287226171275 9 6 8 4
-0.00011350448966680643 9 6 8 5
0.00718288362347425 9 6 8 6
2.2620158058809646e-05 9 6 8 7
-0.0001429250399227941 9 6 8 8
-0.0053218586313569455 9 6 9 1
5.975796355620369e-05 9 6 9 2
-0.00021019201038496857 9 6 9 3
-0.0016704694554290581 9 6 9 4
0.0001904360852352112 9 6 9 5
0.007232765323675432 9 6 9 6
0.0006879216151257118 9 7 1 1
-0.000795484772662315 9 7 2 1
0.0005084394485165279 9 7 2 2
7.877737717747662e-05 9 7 3 1
-0.00016051706625700996 9 7 3 2
0.0009169006836696306 9 7 3 3
0.004121335298294292 9 7 4 1
-4.337764100452535e-05 9 7 4 2
3.398977134905005e-05 9 7 4 3
0.0009829965537833418 9 7 4 4
7.900996201638892e-05 9 7 5 1
-0.0003033767023005519 9 7 5 2
-0.0007140068289286521 9 7 5 3
-0.00012935908822300326 9 7 5 4
0.0009785878488244948 9 7 5 5
0.0008860894025135651 9 7 6 1
6.909500970509845e-05 9 7 6 2
6.0164058818273076e-05 9 7 6 3
-0.0001679301232053506 9 7 6 4
-0.00012233571207669977 9 7 6 5
0.00020295005811769474 9 7 6 6
-0.0003333608863313806 9 7 7 1
6.673405948145011e-05 9 7 7 2
7.762214083617876e-05 9 7 7 3
-7.977583492342536e-05 9 7 7 4
-0.0006247267426427539 9 7 7 5
-5.390955109221803e-05 9 7 7 6
0.0008951297102409722 9 7 7 7
-0.0002650507046997997 9 7 8 1
0.00014680352554737006 9 7 8 2
-0.0003101400556937753 9 7 8 3
-0.0001976191808468258 9 7 8 4
0.00306075052269351 9 7 8 5
9.050196976630053e-05 9 7 8 6
0.0001559931920029602 9 7 8 7
0.0003758289443417219 9 7 8 8
1.4095497469496625e-05 9 7 9 1
-0.0030453648244047494 9 7 9 2
0.002749778700318971 9 7 9 3
0.00045816170086355486 9 7 9 4
0.00029052071727972466 9 7 9 5
7.496048460928643e-05 9 7 9 6
0.00736076185097355 9 7 9 7
-0.00024431625055794544 9 8 1 1
-0.00043340463718255994 9 8 2 1
7.47200882819348e-06 9 8 2 2
8.492447063907368e-05 9 8 3 1
-0.0002533895678945488 9 8 3 2
-0.0006171243465688304 9 8 3 3
0.004000895517772709 9 8 4 1
0.002119141061351177 9 8 4 2
0.0004869649914202909 9 8 4 3
-0.0002516324983048705 9 8 4 4
0.0011038732746482577 9 8 5 1
0.001250474012515163 9 8 5 2
-2.149526520147203e-05 9 8 5 3
-0.00015719918738617766 9 8 5 4
-0.00027119955719764584 9 8 5 5
-0.0019191624214678538 9 8 6 1
-0.0001787662698900894 9 8 6 2
0.002182520318448718 9 8 6 3
-0.0006944677009007844 9 8 6 4
0.0002232452105977211 9 8 6 5
-0.0004344718001735294 9 8 6 6
-0.0002842462893154696 9 8 7 1
0.000323708384910329 9 8 7 2
0.00042934805101860793 9 8 7 3
-0.003614074751086002 9 8 7 4
-0.003065332507225812 9 8 7 5
-0.001746249889583731 9 8 7 6
-0.00019795614884562788 9 8 7 7
0.00011430520171005352 9 8 8 1
0.00020092180492764568 9 8 8 2
2.6554353269034485e-05 9 8 8 3
-0.0023457644207811 9 8 8 4
0.0010002010571381775 9 8 8 5
0.0032301794385032447 9 8 8 6
0.00041323172429077483 9 8 8 7
-0.0005519332156206418 9 8 8 8
-0.0023681166627424334 9 8 9 1
-0.0022856070981674952 9 8 9 2
-0.0017387139958738851 9 8 9 3
0.00022489760337115252 9 8 9 4
9.335510138211672e-05 9 8 9 5
4.45453378098762e-05 9 8 9 6
0.0007735360302634985 9 8 9 7
0.00789355637021561 9 8 9 8
0.28175372240859714 9 9 1 1
-0.002241369449294643 9 9 2 1
0.2290487542896432 9 9 2 2
-0.0004274454845148581 9 9 3 1
-0.02174969627915225 9 9 3 2
0.363028210487363 9 9 3 3
-0.000776596418082396 9 9 4 1
-0.005988509395031436 9 9 4 2
-0.0012603219560082316 9 9 4 3
0.387433221308574 9 9 4 4
-0.002563658477560446 9 9 5 1
-0.0012833873055373905 9 9 5 2
-5.08602759598364e-05 9 9 5 3
0.00017027266640109605 9 9 5 4
0.33882736223358384 9 9 5 5
0.0006696790357891795 9 9 6 1
0.0010183094495413896 9 9 6 2
-0.0053425137859883605 9 9 6 3
0.007427406467791962 9 9 6 4
-0.0005674979758245374 9 9 6 5
0.3598155900098285 9 9 6 6
0.0006807763362455546 9 9 7 1
-0.06073448092598359 9 9 7 2
0.011985347312251902 9 9 7 3
0.008201410117210607 9 9 7 4
-0.0006623024271935235 9 9 7 5
0.004234504154837845 9 9 7 6
0.33488652459593227 9 9 7 7
0.0009193013423368914 9 9 8 1
-0.03784933931131371 9 9 8 2
-0.01320648240577696 9 9 8 3
0.00495753573138974 9 9 8 4
0.0013541108373266652 9 9 8 5
-0.0074994590718912195 9 9 8 6
0.003502380216819281 9 9 8 7
0.3320362521627903 9 9 8 8
0.011126766613984842 9 9 9 1
-0.0014601126900269815 9 9 9 2
-0.0017315608210937846 9 9 9 3
7.334840747102832e-05 9 9 9 4
-0.0065715046938749685 9 9 9 5
-0.0009302112220182333 9 9 9 6
0.0004726770408688444 9 9 9 7
-0.0008819340850817604 9 9 9 8
0.36351281387282636 9 9 9 9
0.051505808001826844 10 1 1 1
-0.001026220150840301 10 1 2 1
0.024494431059981 10 1 2 2
-0.00022434667604887383 10 1 3 1
-0.009610819782209568 10 1 3 2
0.10282903022557852 10 1 3 3
-0.0007747536149242453 10 1 4 1
0.001283013470596904 10 1 4 2
0.0002668751124968812 10 1 4 3
0.11739710121163605 10 1 4 4
0.0008878471308516618 10 1 5 1
-0.0009568757916126126 10 1 5 2
-3.574685793007507e-05 10 1 5 3
-1.7999770341648355e-05 10 1 5 4
0.09285652172839726 10 1 5 5
0.001073699344566824 10 1 6 1
-1.0478533617285201e-05 10 1 6 2
0.0016957888123946309 10 1 6 3
0.0023457956212395306 10 1 6 4
-0.0001382697520480923 10 1 6 5
0.10668936529428177 10 1 6 6
0.0014971317990723648 10 1 7 1
-0.04078615092594915 10 1 7 2
0.008363480588516013 10 1 7 3
-0.0030877616449052486 10 1 7 4
-0.0002183079791619328 10 1 7 5
-0.001147582999699639 10 1 7 6
0.08353588531171073 10 1 7 7
0.00153446452453371 10 1 8 1
-0.02562930052839928 10 1 8 2
-0.005388770831801893 10 1 8 3
-0.0019306064735363788 10 1 8 4
0.0007849084736092782 10 1 8 5
0.002373852425163004 10 1 8 6
-0.0032807667805448883 10 1 8 7
0.08743254686424166 10 1 8 8
0.0008777701128081591 10 1 9 1
-0.000832728883304886 10 1 9 2
-0.0006866726462847286 10 1 9 3
-4.3628181496895485e-05 10 1 9 4
-0.0072062772442327595 10 1 9 5
-0.00023710848070039155 10 1 9 6
-7.90659713820846e-05 10 1 9 7
-0.0007965920137002591 10 1 9 8
0.10531592969298303 10 1 9 9
0.06555461243547638 10 1 10 1
-0.0024739628298339803 10 2 1 1
-0.02156549603733969 10 2 2 1
-0.004702303971511492 10 2 2 2
0.001102657972543582 10 2 3 1
0.0014138363009717388 10 2 3 2
-0.004624896024149717 10 2 3 3
3.804453233152309e-05 10 2 4 1
1.29152557713476e-05 10 2 4 2
-0.00017670771096037937 10 2 4 3
-0.004853785387623899 10 2 4 4
-0.0003767847128474527 10 2 5 1
-2.0696798572693995e-05 10 2 5 2
-2.4379481018541166e-05 10 2 5 3
0.0023273107654202376 10 2 5 4
-0.004102536301374801 10 2 5 5
-2.111162378638352e-06 10 2 6 1
0.0006133063124289692 10 2 6 2
-0.00013882649646796222 10 2 6 3
-4.487352152511516e-06 10 2 6 4
-0.0006597480782516466 10 2 6 5
-0.0038051804752738554 10 2 6 6
-0.016268884466721426 10 2 7 1
-0.0007689059910210411 10 2 7 2
-0.00014001511134158825 10 2 7 3
0.00019146578038871246 10 2 7 4
-9.348372938269805e-05 10 2 7 5
0.0005811049680968107 10 2 7 6
-0.00453359543499311 10 2 7 7
-0.009402070598469566 10 2 8 1
-0.001311443050200598 10 2 8 2
0.0003584138515611187 10 2 8 3
-2.3043116286285217e-05 10 2 8 4
-5.111343534447319e-05 10 2 8 5
0.00032104880735138507 10 2 8 6
-0.0011051202835408074 10 2 8 7
-0.0041694659728185555 10 2 8 8
-0.0004083551666494155 10 2 9 1
0.0005057879105367623 10 2 9 2
-0.00010482060110547986 10 2 9 3
-0.0022408585157540645 10 2 9 4
-3.4153200276383446e-05 10 2 9 5
-0.00042147673009791735 10 2 9 6
0.0004899961472633841 10 2 9 7
0.00026160112884249394 10 2 9 8
-0.0036491802311383052 10 2 9 9
-0.0019184826970165215 10 2 10 1
0.019594335534409795 10 2 10 2
-0.0004983300020524069 10 3 1 1
0.002283955899048322 10 3 2 1
0.001318020479731986 10 3 2 2
0.0038744675008479026 10 3 3 1
-0.00022152841424198102 10 3 3 2
-0.0003191878887189789 10 3 3 3
0.00013690501952769312 10 3 4 1
-0.0022768292499539843 10 3 4 2
-0.0005627041720807057 10 3 4 3
-0.0004421467742970599 10 3 4 4
-0.0010395068392690312 10 3 5 1
6.499511407460094e-05 10 3 5 2
6.435506598434871e-05 10 3 5 3
0.0046351314435854225 10 3 5 4
-0.00019170484815064263 10 3 5 5
-4.687907659451653e-05 10 3 6 1
0.00023489359317547355 10 3 6 2
-0.0023860524572782145 10 3 6 3
-3.640125914445179e-05 10 3 6 4
-0.00046412798453101785 10 3 6 5
-0.00014338794720273468 10 3 6 6
0.004131002446803606 10 3 7 1
0.0004956231819339027 10 3 7 2
-7.163343058454209e-05 10 3 7 3
0.003632261841857969 10 3 7 4
-7.282998894025696e-05 10 3 7 5
0.0014224984600732656 10 3 7 6
-0.00026945059420905833 10 3 7 7
-2.2539211392395713e-05 10 3 8 1
7.029508461053837e-05 10 3 8 2
2.0188874144072513e-05 10 3 8 3
0.0020847527035229175 10 3 8 4
-6.92751794367561e-05 10 3 8 5
-0.0029029302044253622 10 3 8 6
3.4322923873493504e-05 10 3 8 7
-5.0469217405208854e-05 10 3 8 8
0.0021785981234926518 10 3 9 1
-0.00012559546184383013 10 3 9 2
-3.998336790419173e-05 10 3 9 3
3.007219090870225e-05 10 3 9 4
-0.00010326192061424345 10 3 9 5
-0.0032093189264394504 10 3 9 6
-0.00024031126537369713 10 3 9 7
-0.00019857944459715878 10 3 9 8
7.880387075102383e-05 10 3 9 9
-5.412895835775249e-05 10 3 10 1
-0.002299659315790515 10 3 10 2
0.009366036216873245 10 3 10 3
-3.1839625251595464e-05 10 4 1 1
0.00014755616456405574 10 4 2 1
5.580424671181143e-05 10 4 2 2
-7.98083754570713e-05 10 4 3 1
-0.0001451035888676583 10 4 3 2
-0.00022153550836225239 10 4 3 3
0.006240549899985023 10 4 4 1
-0.0016280723098619824 10 4 4 2
-0.000268214256605178 10 4 4 3
-0.0002533058909527281 10 4 4 4
-0.0006690056282404219 10 4 5 1
0.0021848585222789324 10 4 5 2
-3.880114066688143e-05 10 4 5 3
8.365378337758117e-05 10 4 5 4
4.949121530457633e-05 10 4 5 5
-4.280411066558665e-05 10 4 6 1
0.00023232236285286738 10 4 6 2
-0.0012846992570326933 10 4 6 3
-0.0002622977447784526 10 4 6 4
7.966685578259231e-05 10 4 6 5
-0.00029865212891864263 10 4 6 6
-0.0001851750126616531 10 4 7 1
0.0001344757917141743 10 4 7 2
0.00020596082111581877 10 4 7 3
0.002428003561947436 10 4 7 4
-0.0051139592963901645 10 4 7 5
0.0008307770011493224 10 4 7 6
-0.00010142393518469972 10 4 7 7
-0.00018148213193978324 10 4 8 1
0.0002739055487812963 10 4 8 2
0.00017895451050641865 10 4 8 3
0.00149612520798068 10 4 8 4
0.0006574536585787112 10 4 8 5
-0.0019628046245249472 10 4 8 6
-3.330105651053399e-05 10 4 8 7
-0.0007552976446474819 10 4 8 8
0.001605277522744391 10 4 9 1
-0.0039569751103189915 10 4 9 2
-0.0016427637995719761 10 4 9 3
-3.731461312875719e-05 10 4 9 4
5.636066464673272e-05 10 4 9 5
-9.817071302101211e-05 10 4 9 6
0.005135459417252062 10 4 9 7
0.0050969151404463755 10 4 9 8
0.00039243209605942654 10 4 9 9
-0.00028885337923492276 10 4 10 1
0.00027959956725515073 10 4 10 2
0.00012629873405404008 10 4 10 3
0.008323281067221579 10 4 10 4
-0.0002982322731503 10 5 1 1
-0.0009207398427660291 10 5 2 1
-0.00037833306219296097 10 5 2 2
0.0013298743247439604 10 5 3 1
-0.0002005434747393204 10 5 3 2
0.00035531499046726866 10 5 3 3
-0.0014162555359019102 10 5 4 1
0.034053026644131366 10 5 4 2
0.003496834856385048 10 5 4 3
0.00036871564744042813 10 5 4 4
0.020852294277496977 10 5 5 1
0.0002725317853290634 10 5 5 2
-0.0005039551811919275 10 5 5 3
-0.000288168264350358 10 5 5 4
0.0004008703070824172 10 5 5 5
0.0012977378155915637 10 5 6 1
-0.006028920078367012 10 5 6 2
0.035062444497286224 10 5 6 3
0.000191575741352567 10 5 6 4
0.002294955695580258 10 5 6 5
0.0008910644950658024 10 5 6 6
0.0002302132018590895 10 5 7 1
-0.00016970796197732495 10 5 7 2
0.0007517390093455765 10 5 7 3
-0.054214964221170066 10 5 7 4
0.00017354829008315052 10 5 7 5
-0.02295639288513208 10 5 7 6
0.0004899706962205329 10 5 7 7
0.002107944194393742 10 5 8 1
-2.9492984219968364e-05 10 5 8 2
7.304445064321585e-05 10 5 8 3
-0.035683739603765655 10 5 8 4
-0.0012197727230951955 10 5 8 5
0.04987452575993463 10 5 8 6
0.00018171010858120077 10 5 8 7
0.00033291346086175425 10 5 8 8
-0.03784609038497839 10 5 9 1
0.0002065300348253957 10 5 9 2
-0.00013156621195754142 10 5 9 3
-0.001514281389837171 10 5 9 4
0.0009976002291837986 10 5 9 5
0.003440355871525753 10 5 9 6
7.806807100521335e-05 10 5 9 7
0.0016404332227951013 10 5 9 8
-0.0033697753747520057 10 5 9 9
0.0017048664926924576 10 5 10 1
1.0963996456729968e-05 10 5 10 2
-0.0016823525291236087 10 5 10 3
-0.0009782707318556608 10 5 10 4
0.031514653340635045 10 5 10 5
-0.000900604223919491 10 6 1 1
-4.1583722999215874e-05 10 6 2 1
-0.0003843004622067414 10 6 2 2
9.30218756145583e-05 10 6 3 1
0.0001953094035605598 10 6 3 2
-0.002603172782183045 10 6 3 3
0.00014096744684865005 10 6 4 1
0.0018913089512237182 10 6 4 2
0.00021292936197160603 10 6 4 3
-0.0026586005581452554 10 6 4 4
0.0009831376586324344 10 6 5 1
-0.00011680853324475518 10 6 5 2
0.0009121613562185285 10 6 5 3
1.5648224175619016e-05 10 6 5 4
-0.002134273612587323 10 6 5 5
0.0029284045459865003 10 6 6 1
-0.0003072304561637517 10 6 6 2
0.0019262573967843385 10 6 6 3
-1.642252005530272e-05 10 6 6 4
9.042086868682635e-05 10 6 6 5
-0.0026986073819678185 10 6 6 6
4.203214650193677e-06 10 6 7 1
0.0010920238113725149 10 6 7 2
-0.00014220331678352832 10 6 7 3
-0.0030096875416821263 10 6 7 4
-0.0010578184993231478 10 6 7 5
-0.001402060822383303 10 6 7 6
-0.0017167110469663719 10 6 7 7
0.00019064141821194594 10 6 8 1
0.0006776076299316889 10 6 8 2
9.005361088854013e-05 10 6 8 3
-0.002014711880630184 10 6 8 4
0.001334361643772325 10 6 8 5
0.0028640624265307097 10 6 8 6
6.722556009818683e-05 10 6 8 7
-0.0016682288205446616 10 6 8 8
-0.002165911882605959 10 6 9 1
0.0003819065978660259 10 6 9 2
-0.0022196641966537624 10 6 9 3
-5.901900110400297e-05 10 6 9 4
0.00014499037957512866 10 6 9 5
9.11081176414788e-05 10 6 9 6
0.001562371935087007 10 6 9 7
-0.0027194873329941466 10 6 9 8
-0.0030070527759875096 10 6 9 9
-0.0014926200322353308 10 6 10 1
1.0362080356924233e-05 10 6 10 2
0.00012158222131983089 10 6 10 3
0.00016288518826768203 10 6 10 4
0.0014660280703871211 10 6 10 5
0.00431005492128068 10 6 10 6
0.0016834263442286593 10 7 1 1
-0.019800774505706845 10 7 2 1
-0.002427478582231341 10 7 2 2
0.003331345281364308 10 7 3 1
0.0002477771929655287 10 7 3 2
0.0003706108258977068 10 7 3 3
-0.00018150341498737925 10 7 4 1
-0.0006093679324449794 10 7 4 2
1.796353560189456e-05 10 7 4 3
0.0005371028427414552 10 7 4 4
-0.0005629610896154837 10 7 5 1
-6.055640448311851e-05 10 7 5 2
4.706036235413213e-05 10 7 5 3
-0.002220498059113579 10 7 5 4
0.0003771673739040215 10 7 5 5
-6.148577326538836e-05 10 7 6 1
0.0006463745421409362 10 7 6 2
-0.0006001798432606859 10 7 6 3
-0.00010125711579827927 10 7 6 4
-0.004001484152699074 10 7 6 5
5.14262088906608e-06 10 7 6 6
-0.008048145047386587 10 7 7 1
-0.0011152572869314078 10 7 7 2
8.456988528563658e-05 10 7 7 3
0.0012948919913416653 10 7 7 4
-1.5007929505273654e-05 10 7 7 5
0.0007509833861984295 10 7 7 6
0.0002201383461982118 10 7 7 7
-0.007008177879134138 10 7 8 1
-0.001074192577200826 10 7 8 2
-4.012440227215365e-06 10 7 8 3
0.0002899391262192667 10 7 8 4
-0.0001517513442067472 10 7 8 5
-0.0005551838491642372 10 7 8 6
-0.00020047961279158965 10 7 8 7
-2.2575024594804366e-05 10 7 8 8
0.00025066799895860913 10 7 9 1
0.0005104754444413749 10 7 9 2
-0.0002508603462089863 10 7 9 3
0.008051673564733892 10 7 9 4
-3.998496156804981e-05 10 7 9 5
9.380730343256227e-05 10 7 9 6
0.00035404543957576895 10 7 9 7
0.00018683083322661314 10 7 9 8
0.00026017201619927974 10 7 9 9
-0.000558179742747219 10 7 10 1
0.01063219564353308 10 7 10 2
-0.001198534221840883 10 7 10 3
-0.0004489845074519207 10 7 10 4
-0.000507790064394391 10 7 10 5
-0.00012867893215067521 10 7 10 6
0.01722357404931047 10 7 10 7
0.001334832213869021 10 8 1 1
-0.01081812982899885 10 8 2 1
-0.002167781745446453 10 8 2 2
0.0005041854479097677 10 8 3 1
0.00010329191768661222 10 8 3 2
0.0007932348267033441 10 8 3 3
-0.0003580662375744336 10 8 4 1
0.0036764607146609393 10 8 4 2
0.001095087456488075 10 8 4 3
0.0011301956466546446 10 8 4 4
0.0015703759217131615 10 8 5 1
-3.6711902047937764e-05 10 8 5 2
-4.501491920256423e-05 10 8 5 3
-0.00423721936436122 10 8 5 4
0.0006111255502087168 10 8 5 5
0.00018759178368680198 10 8 6 1
4.785325023738314e-05 10 8 6 2
0.003401010010316915 10 8 6 3
-0.0001667692090021504 10 8 6 4
0.001139151591789105 10 8 6 5
0.0008828106526287361 10 8 6 6
-0.007377732963479112 10 8 7 1
-0.0012084591245467495 10 8 7 2
0.0002420530899794703 10 8 7 3
-0.005860003920592771 10 8 7 4
0.00014864150668688768 10 8 7 5
-0.002750444442511162 10 8 7 6
0.0006523964019677651 10 8 7 7
-0.001090268465754621 10 8 8 1
-0.000630269702890515 10 8 8 2
-1.4747616517277735e-05 10 8 8 3
-0.0035791696690971203 10 8 8 4
-0.00019610525459685057 10 8 8 5
0.005317093395506288 10 8 8 6
-0.00013709805996719966 10 8 8 7
0.000493012052778366 10 8 8 8
-0.004130685260600211 10 8 9 1
0.00029810254055485106 10 8 9 2
-0.00014334262539365876 10 8 9 3
0.004035585711368739 10 8 9 4
0.00017601291383965948 10 8 9 5
-0.0025665796486246907 10 8 9 6
0.0002554604970562366 10 8 9 7
0.00025223306188163933 10 8 9 8
3.7713028055843154e-05 10 8 9 9
0.00017261564066242737 10 8 10 1
0.0054685502128344315 10 8 10 2
-0.004346388419886281 10 8 10 3
-0.0004594364387923983 10 8 10 4
0.002464642010095685 10 8 10 5
0.00033790760598772384 10 8 10 6
0.007102467160910264 10 8 10 7
0.010456873017052334 10 8 10 8
0.0008735141817081886 10 9 1 1
0.001152895425246535 10 9 2 1
0.0007314465374777905 10 9 2 2
-0.0028452950451475826 10 9 3 1
0.0003193292606416583 10 9 3 2
-0.0015846416665279016 10 9 3 3
0.0030745494267199877 10 9 4 1
-0.07319960219566686 10 9 4 2
-0.01547565098487307 10 9 4 3
-0.0019454828740390845 10 9 4 4
-0.03664598994253403 10 9 5 1
-0.0010412766482440407 10 9 5 2
0.0009453821746346865 10 9 5 3
8.388063659583925e-05 10 9 5 4
-0.0013920637590806913 10 9 5 5
-0.002645160991850868 10 9 6 1
0.008038521719726676 10 9 6 2
-0.07459161901083519 10 9 6 3
-0.0009000406913989064 10 9 6 4
-0.004944174932262406 10 9 6 5
-0.002641773939319344 10 9 6 6
-0.0007631470924774665 10 9 7 1
0.0008195703548702707 10 9 7 2
-0.0014184326403235813 10 9 7 3
0.12027156218062049 10 9 7 4
-0.0005462667782420255 10 9 7 5
0.05730633684219814 10 9 7 6
-0.0016614441618532571 10 9 7 7
-0.004787010802096992 10 9 8 1
0.0002638213946469291 10 9 8 2
0.00013778443795820937 10 9 8 3
0.07385386706634382 10 9 8 4
0.0027788189237922464 10 9 8 5
-0.10557431747314125 10 9 8 6
-0.0002678664663907953 10 9 8 7
-0.0011392569898699488 10 9 8 8
0.08513223425721583 10 9 9 1
-0.000587267877527007 10 9 9 2
0.0005388782969839852 10 9 9 3
0.0031769166870105796 10 9 9 4
-0.002427509392585218 10 9 9 5
-0.007940499639909398 10 9 9 6
-1.9749256955341526e-05 10 9 9 7
-0.0034700355328814605 10 9 9 8
0.00674861301689981 10 9 9 9
-0.004139701743299725 10 9 10 1
0.00031822930894604665 10 9 10 2
0.0032182364016550458 10 9 10 3
0.0021786644628283215 10 9 10 4
-0.05386848046171688 10 9 10 5
-0.0029704600120394587 10 9 10 6
0.0014052029378347967 10 9 10 7
-0.005524264320515362 10 9 10 8
0.12441122279598348 10 9 10 9
0.2683278640939528 10 10 1 1
-0.001767030844358955 10 10 2 1
0.22443276179939275 10 10 2 2
4.9665987726077235e-06 10 10 3 1
-0.021535271304151768 10 10 3 2
0.3219062375740051 10 10 3 3
-0.0015521540593171955 10 10 4 1
0.005167933840102963 10 10 4 2
0.0010883964704607486 10 10 4 3
0.3369555679513551 10 10 4 4
0.002953280174927773 10 10 5 1
-0.0009297461128176962 10 10 5 2
-0.00027038600801258437 10 10 5 3
-8.964552813311939e-05 10 10 5 4
0.3042709399682302 10 10 5 5
0.0006095726014550942 10 10 6 1
-0.000320582543867621 10 10 6 2
0.005838544465553329 10 10 6 3
0.003285186139298466 10 10 6 4
0.0003269672721318335 10 10 6 5
0.31428364453146923 10 10 6 6
-0.00011259306086337467 10 10 7 1
-0.03718995768205235 10 10 7 2
0.010213498382434091 10 10 7 3
-0.009677735256777065 10 10 7 4
0.00010548929757551209 10 10 7 5
-0.00435662408273635 10 10 7 6
0.30300944292064086 10 10 7 7
0.0011944544406218272 10 10 8 1
-0.024285365550606924 10 10 8 2
-0.00954401794810555 10 10 8 3
-0.00599597385816393 10 10 8 4
0.0008740080763595819 10 10 8 5
0.008307108657754015 10 10 8 6
0.008847841340563404 10 10 8 7
0.2985230766092411 10 10 8 8
-0.0030996362780234933 10 10 9 1
-0.0006004885754054769 10 10 9 2
-0.0007328589683340295 10 10 9 3
-0.0001121513494673097 10 10 9 4
-0.008378630949208508 10 10 9 5
0.00015535756263885053 10 10 9 6
0.0008200028022505112 10 10 9 7
-0.000367041076732077 10 10 9 8
0.31324406349975237 10 10 9 9
0.07481307625404283 10 10 10 1
-0.003515616192904257 10 10 10 2
-0.0005844684270824857 10 10 10 3
-0.0003002641026835949 10 10 10 4
0.004742925034604153 10 10 10 5
-0.0014088984081883592 10 10 10 6
0.000507083334406492 10 10 10 7
0.0012690583928392305 10 10 10 8
-0.01087439474914685 10 10 10 9
0.28929524115428007 10 10 10 10
-0.009207617890581915 11 1 1 1
-0.00032104962781480785 11 1 2 1
-0.0056601399694114745 11 1 2 2
0.00010453879669123103 11 1 3 1
0.0014287566545224794 11 1 3 2
-0.01196502084059267 11 1 3 3
6.073004403001686e-05 11 1 4 1
0.00036027878663465304 11 1 4 2
0.00012065066290233902 11 1 4 3
-0.013934642749224924 11 1 4 4
9.178676160837156e-05 11 1 5 1
-1.5291549053560314e-05 11 1 5 2
8.207708460823632e-05 11 1 5 3
-0.00014178988548619182 11 1 5 4
-0.007532973407333089 11 1 5 5
8.876149585681613e-06 11 1 6 1
-4.9144307440922224e-05 11 1 6 2
0.0003168965288358566 11 1 6 3
-0.002512369118701038 11 1 6 4
0.00019374098213854467 11 1 6 5
-0.01078329572243639 11 1 6 6
-0.00024058344966738782 11 1 7 1
0.0016838191041923846 11 1 7 2
0.001217607253097583 11 1 7 3
-0.0005419729081557966 11 1 7 4
0.0001765279579797302 11 1 7 5
-0.0002192084703725241 11 1 7 6
-0.012446630265323529 11 1 7 7
-0.00029947533179854453 11 1 8 1
0.0018525236276933964 11 1 8 2
0.0017742421914553495 11 1 8 3
-0.00028253366472378373 11 1 8 4
0.00011794922306973585 11 1 8 5
0.0004083195159792805 11 1 8 6
-0.00028571821914645393 11 1 8 7
-0.0090655400012978 11 1 8 8
-0.0006813455419055166 11 1 9 1
2.080379358859378e-05 11 1 9 2
0.0003121386371617947 11 1 9 3
-9.457732326319537e-05 11 1 9 4
-0.0028014052086912855 11 1 9 5
8.900993329326674e-05 11 1 9 6
-1.2994927195231197e-07 11 1 9 7
0.00035658695532597267 11 1 9 8
-0.014178590263410179 11 1 9 9
-0.0048682463725330995 11 1 10 1
0.0006511657774589643 11 1 10 2
-9.70564373429941e-05 11 1 10 3
7.299279202582875e-06 11 1 10 4
0.00029881673313661303 11 1 10 5
5.622201634208005e-05 11 1 10 6
0.00015799437367817933 11 1 10 7
0.00019413654524828486 11 1 10 8
-0.00030286154098217087 11 1 10 9
-0.009617051563841962 11 1 10 10
0.006020817228664775 11 1 11 1
0.00017874631337963252 11 2 1 1
-0.002567857493075033 11 2 2 1
-0.0003490652577026554 11 2 2 2
0.0018956419933246617 11 2 3 1
0.00014123956826970696 11 2 3 2
0.0006101186344338675 11 2 3 3
2.136270252478336e-05 11 2 4 1
-0.00016831745463249842 11 2 4 2
-8.72083049582971e-05 11 2 4 3
0.00078351419012804 11 2 4 4
-0.00012315086209632143 11 2 5 1
-3.80629531670723e-05 11 2 5 2
-2.4773328682174503e-05 11 2 5 3
0.0037740483696832965 11 2 5 4
0.000564561325374208 11 2 5 5
-1.2017886310982875e-05 11 2 6 1
4.6579633530713806e-05 11 2 6 2
-0.00024085979177254199 11 2 6 3
0.00015586069748650146 11 2 6 4
-0.000822585891512003 11 2 6 5
0.0006840543765195742 11 2 6 6
-0.0015730060622272733 11 2 7 1
-0.0006451278877768394 11 2 7 2
-1.274785397813857e-05 11 2 7 3
0.0003743659979372544 11 2 7 4
-1.4086616902552516e-06 11 2 7 5
0.00022344647039741343 11 2 7 6
0.0004393393867466213 11 2 7 7
0.0001508303597175671 11 2 8 1
-0.00014563490584340816 11 2 8 2
-0.00010989878010018064 11 2 8 3
3.496335965294872e-05 11 2 8 4
8.808574252781599e-06 11 2 8 5
-0.0003006402056392523 11 2 8 6
-9.313169519216553e-05 11 2 8 7
0.00056954958417615 11 2 8 8
0.0001642587751624083 11 2 9 1
1.5991982932201578e-05 11 2 9 2
-1.2322346680739009e-06 11 2 9 3
0.0016117790836546885 11 2 9 4
8.838940603481883e-05 11 2 9 5
-0.0004880978131334915 11 2 9 6
8.007306866041258e-05 11 2 9 7
-2.7919972248126274e-05 11 2 9 8
0.0007788778874375154 11 2 9 9
0.0003967789786321936 11 2 10 1
0.0013260587084036922 11 2 10 2
0.0005716302503784423 11 2 10 3
-3.3645208310404917e-05 11 2 10 4
-0.00018824504236965504 11 2 10 5
-1.3457565333185244e-05 11 2 10 6
0.0017946956379766357 11 2 10 7
-0.00021245867490393808 11 2 10 8
0.0003473182164071237 11 2 10 9
0.00030299238875635705 11 2 10 10
-6.294179303324627e-05 11 2 11 1
0.004440208962640807 11 2 11 2
-0.0007105116461774597 11 3 1 1
0.010295791947651954 11 3 2 1
0.001586999049994824 11 3 2 2
-0.002412685055420123 11 3 3 1
-0.0001656227540157991 11 3 3 2
-7.097386089827902e-05 11 3 3 3
0.00012698471866685705 11 3 4 1
-0.0019600936530517004 11 3 4 2
-0.0004911925102824739 11 3 4 3
-4.690924444256618e-05 11 3 4 4
-0.0006089982709634592 11 3 5 1
1.1566018024804757e-06 11 3 5 2
4.390121715975025e-05 11 3 5 3
-0.0005933883317869996 11 3 5 4
-0.00010282693793807907 11 3 5 5
-6.1000657875438044e-05 11 3 6 1
-7.75692486808034e-05 11 3 6 2
-0.0019321051690714562 11 3 6 3
-1.445625098137884e-05 11 3 6 4
0.0018330146525184017 11 3 6 5
-4.312675654551603e-08 11 3 6 6
0.006999234744900939 11 3 7 1
0.0004907102131833928 11 3 7 2
-7.244480878132722e-05 11 3 7 3
0.0031317997105401716 11 3 7 4
6.575061486471173e-05 11 3 7 5
0.001194531138309758 11 3 7 6
9.448242804095865e-06 11 3 7 7
0.004451905880174158 11 3 8 1
0.0005294230071888075 11 3 8 2
-3.6522751605688766e-05 11 3 8 3
0.002059578933565007 11 3 8 4
9.069747894978217e-05 11 3 8 5
-0.0028252079577185648 11 3 8 6
0.00011579077129783734 11 3 8 7
0.00011090782476475341 11 3 8 8
0.0023690867589243685 11 3 9 1
-0.00033277199857931097 11 3 9 2
8.523765010802973e-05 11 3 9 3
-0.0006774008678458611 11 3 9 4
-7.048356012404615e-05 11 3 9 5
0.0010019530021868248 11 3 9 6
-0.00022280563002844567 11 3 9 7
-0.0002169224981225019 11 3 9 8
0.0001531427120434758 11 3 9 9
0.00030445889007864704 11 3 10 1
-0.007704001021905159 11 3 10 2
0.0010879365172690614 11 3 10 3
4.758539325141131e-05 11 3 10 4
-0.0013816508972312866 11 3 10 5
-9.713124966612477e-05 11 3 10 6
-0.006258175069624199 11 3 10 7
-0.00352244488628667 11 3 10 8
0.002637805793258345 11 3 10 9
-0.00043273378275067865 11 3 10 10
-0.00018188302556683793 11 3 11 1
-0.0016196935164218603 11 3 11 2
0.010743824611944758 11 3 11 3
-0.00040316276457804805 11 4 1 1
0.00010794054654828121 11 4 2 1
-0.00028933461869365716 11 4 2 2
-1.2966447664227454e-05 11 4 3 1
3.750229313354565e-05 11 4 3 2
-0.0008242482283918502 11 4 3 3
6.283938877474947e-05 11 4 4 1
0.0001294759226907384 11 4 4 2
3.4411388808584446e-07 11 4 4 3
-0.0009257071643222414 11 4 4 4
-0.00014297177557881846 11 4 5 1
0.004005412303568871 11 4 5 2
0.0012975765915491586 11 4 5 3
-1.1023759086601813e-05 11 4 5 4
-0.0008474468905407803 11 4 5 5
0.00016630253867799732 11 4 6 1
-7.929852982458629e-05 11 4 6 2
6.304472030285904e-05 11 4 6 3
-8.32221439983318e-05 11 4 6 4
4.167370793780821e-05 11 4 6 5
-0.0006719519163863305 11 4 6 6
1.6824823634394814e-05 11 4 7 1
0.00018255508324870997 11 4 7 2
2.559575377145056e-05 11 4 7 3
-0.00011909558687469202 11 4 7 4
-0.005553725306402147 11 4 7 5
-0.00010073169989214255 11 4 7 6
-0.000970594069615591 11 4 7 7
2.0772926457219732e-05 11 4 8 1
-2.1858039394350036e-05 11 4 8 2
0.0004462093249891674 11 4 8 3
-8.135987345306007e-05 11 4 8 4
-0.005342933893747032 11 4 8 5
-7.962642191413907e-06 11 4 8 6
0.0002030717212252587 11 4 8 7
-0.00042149127146869905 11 4 8 8
-0.00018074739156872963 11 4 9 1
0.0009560695200630838 11 4 9 2
-0.004334655553030567 11 4 9 3
-3.899670557686412e-06 11 4 9 4
-0.00030128776626813777 11 4 9 5
2.835859312840484e-05 11 4 9 6
-0.0037135770743928222 11 4 9 7
-0.00029019629000457645 11 4 9 8
-0.00060739894322102 11 4 9 9
-0.000273169786850725 11 4 10 1
-4.077094172671151e-05 11 4 10 2
0.00016329193747995722 11 4 10 3
0.0008229805626748965 11 4 10 4
-8.665764162097289e-05 11 4 10 5
0.00023272062159519156 11 4 10 6
9.486436604289514e-05 11 4 10 7
-1.7523638362522553e-05 11 4 10 8
-0.0001308572677990822 11 4 10 9
-0.0007445977768425906 11 4 10 10
-8.048422914209984e-06 11 4 11 1
-3.94919241478412e-05 11 4 11 2
2.0214338338038236e-05 11 4 11 3
0.009438260771478317 11 4 11 4
-0.0011972916192297745 11 5 1 1
-0.0012933031700831598 11 5 2 1
-0.0008968057547634556 11 5 2 2
0.0030126307329042153 11 5 3 1
-0.0002850820311549 11 5 3 2
-3.2559703733812365e-05 11 5 3 3
-0.003099957007754001 11 5 4 1
0.07318607998992013 11 5 4 2
0.015464728277045665 11 5 4 3
-6.161771832860282e-05 11 5 4 4
0.03578795451720747 11 5 5 1
0.0009399549445127897 11 5 5 2
-0.000990417074845693 11 5 5 3
-0.0003621694337725916 11 5 5 4
6.060320202109522e-05 11 5 5 5
0.0024595685008388934 11 5 6 1
-0.010301387895631288 11 5 6 2
0.07534858665457549 11 5 6 3
0.0007178223457093277 11 5 6 4
0.004977505230657258 11 5 6 5
0.0007267423603812926 11 5 6 6
0.0006350706130019846 11 5 7 1
0.00011709761834196507 11 5 7 2
0.001385598918882882 11 5 7 3
-0.11999707983578359 11 5 7 4
0.0004577944408239865 11 5 7 5
-0.05145388083335235 11 5 7 6
0.00044038012538136445 11 5 7 7
0.004266632922592693 11 5 8 1
0.0002761858751885331 11 5 8 2
-3.916025146108436e-06 11 5 8 3
-0.07514124305369817 11 5 8 4
-0.0026980791286961847 11 5 8 5
0.0985594697717259 11 5 8 6
0.0004717532424367567 11 5 8 7
-0.00015905882493167785 11 5 8 8
-0.0767650714932194 11 5 9 1
0.000766163778326108 11 5 9 2
-0.0005991327351845922 11 5 9 3
-0.003340461895857222 11 5 9 4
0.0023739930416767094 11 5 9 5
0.007269781753286446 11 5 9 6
3.0399042828107642e-05 11 5 9 7
0.0031669902214770907 11 5 9 8
-0.007565770855872453 11 5 9 9
0.0025923807195961015 11 5 10 1
-7.291779884341117e-05 11 5 10 2
-0.003552158827451745 11 5 10 3
-0.002111524285299045 11 5 10 4
0.05342606117643966 11 5 10 5
0.0028096743036049444 11 5 10 6
-0.001264765661175142 11 5 10 7
0.00496223238382201 11 5 10 8
-0.1082627381795913 11 5 10 9
0.008601015789569738 11 5 10 10
0.00047961398834468094 11 5 11 1
-0.00040459443205403603 11 5 11 2
-0.0029808614516649667 11 5 11 3
0.00011624422959218324 11 5 11 4
0.12377928462546868 11 5 11 5
-7.730149786693069e-05 11 6 1 1
-6.78979138726604e-05 11 6 2 1
-9.716265832329329e-05 11 6 2 2
2.7069581220668512e-05 11 6 3 1
-6.176576329013375e-05 11 6 3 2
-0.00015872103390760867 11 6 3 3
0.0025252940467165143 11 6 4 1
0.0007575428146110655 11 6 4 2
0.0001923635365950889 11 6 4 3
-8.437735047857729e-06 11 6 4 4
0.0005138585548956935 11 6 5 1
-0.00039901813528908723 11 6 5 2
0.0013295377884346101 11 6 5 3
2.4460762863200893e-05 11 6 5 4
0.00044352555952117555 11 6 5 5
5.904041059248353e-05 11 6 6 1
4.834271984320845e-05 11 6 6 2
0.0009286507940750306 11 6 6 3
5.072359572063744e-05 11 6 6 4
8.166380981634105e-05 11 6 6 5
2.68199627960176e-05 11 6 6 6
1.1752173870907374e-05 11 6 7 1
3.5326849557528256e-05 11 6 7 2
0.00013519862799441472 11 6 7 3
-0.0014394207700303273 11 6 7 4
-0.004305610561293464 11 6 7 5
-0.0006759126560216609 11 6 7 6
4.0434043966896306e-05 11 6 7 7
6.977098370133987e-05 11 6 8 1
-3.132198853768312e-05 11 6 8 2
-0.0002897575826519712 11 6 8 3
-0.0009740352899678612 11 6 8 4
0.006124081211225932 11 6 8 5
0.0012520547987727075 11 6 8 6
8.396435488726133e-05 11 6 8 7
-0.0007617806454530292 11 6 8 8
-0.0007647335251638074 11 6 9 1
-0.0006854646951785621 11 6 9 2
0.002042421329676778 11 6 9 3
8.333967218018224e-05 11 6 9 4
0.0005843697167189283 11 6 9 5
9.653262465289452e-05 11 6 9 6
0.001521971592964267 11 6 9 7
0.003936111476899315 11 6 9 8
0.0003898675451818825 11 6 9 9
3.1220880568791396e-05 11 6 10 1
1.7555904222701926e-05 11 6 10 2
-0.00011651415336502813 11 6 10 3
0.002875644909344126 11 6 10 4
0.0007577253791045134 11 6 10 5
1.9819493159620784e-05 11 6 10 6
-9.127939413392482e-05 11 6 10 7
-0.00010112722967597218 11 6 10 8
-0.0011879059840765457 11 6 10 9
0.00015460681775201332 11 6 10 10
-3.48240526600106e-05 11 6 11 1
1.9616007276966344e-06 11 6 11 2
-5.220556746401865e-05 11 6 11 3
-0.0010126060655597487 11 6 11 4
0.0013897739302302058 11 6 11 5
0.007758654154758538 11 6 11 6
9.510583590608741e-05 11 7 1 1
-0.001899612176897335 11 7 2 1
-0.00045399503572621637 11 7 2 2
-0.0014841893538150525 11 7 3 1
9.93034002405688e-05 11 7 3 2
-0.00016574243916107323 11 7 3 3
-5.6309154614917284e-05 11 7 4 1
0.001021450089770296 11 7 4 2
0.00040693763045570577 11 7 4 3
-0.00016914716100371454 11 7 4 4
0.0005133626877800609 11 7 5 1
1.798133044724167e-05 11 7 5 2
5.185617366694538e-05 11 7 5 3
-0.00761086862687523 11 7 5 4
-9.370599953258524e-05 11 7 5 5
2.6239133351313082e-05 11 7 6 1
-3.860038335978118e-05 11 7 6 2
0.0010360129176688973 11 7 6 3
-8.491610987808075e-05 11 7 6 4
-0.0028968357451950866 11 7 6 5
-0.00019439708081556034 11 7 6 6
-0.0008410751041416784 11 7 7 1
-0.00010612588734923825 11 7 7 2
1.4585660916439592e-05 11 7 7 3
-0.0017058330542087119 11 7 7 4
1.728827043131053e-05 11 7 7 5
-0.0007316803506933533 11 7 7 6
-0.00014996772253827922 11 7 7 7
0.0015993046827177618 11 7 8 1
-2.3260526601110978e-05 11 7 8 2
8.366843061707523e-05 11 7 8 3
-0.0008203998273789748 11 7 8 4
-9.443943211775874e-06 11 7 8 5
0.0014418844819144982 11 7 8 6
-5.740276130513894e-05 11 7 8 7
-0.00023645631661531135 11 7 8 8
-0.0008637356764896088 11 7 9 1
4.260938292966759e-05 11 7 9 2
-9.997325950565511e-05 11 7 9 3
-0.00037540344491288503 11 7 9 4
4.6490956135891805e-05 11 7 9 5
-0.0009232130712138657 11 7 9 6
0.00010068621500374948 11 7 9 7
0.0001266804934223745 11 7 9 8
-0.00025110632811761155 11 7 9 9
5.0500988000545086e-05 11 7 10 1
0.0005270078140458933 11 7 10 2
-0.0032321232462567515 11 7 10 3
-3.939161153842307e-05 11 7 10 4
0.0006627119125502726 11 7 10 5
6.635678827568843e-05 11 7 10 6
0.0018022838648287963 11 7 10 7
0.002296177282943554 11 7 10 8
-0.0014309486035434485 11 7 10 9
0.00011544675318002997 11 7 10 10
5.5673536199379684e-05 11 7 11 1
-0.0011793934229945636 11 7 11 2
0.0009101015018920456 11 7 11 3
1.8902041184668766e-05 11 7 11 4
0.0015719052272169763 11 7 11 5
2.9278916108333206e-05 11 7 11 6
0.00827545221853122 11 7 11 7
-0.0005435766955020451 11 8 1 1
0.008835381654956384 11 8 2 1
0.0006435487529510307 11 8 2 2
-0.0016016513315833861 11 8 3 1
7.868054698872798e-07 11 8 3 2
-7.571764719050722e-05 11 8 3 3
0.000124753045307003 11 8 4 1
-0.003495095766186322 11 8 4 2
-0.0008640518742262329 11 8 4 3
-3.783725439834149e-05 11 8 4 4
-0.0013623954851163323 11 8 5 1
-2.6220294157233846e-05 11 8 5 2
5.5095750224410095e-05 11 8 5 3
-0.0028737342295646366 11 8 5 4
-0.00035317000936762265 11 8 5 5
-8.06016840421767e-05 11 8 6 1
0.00010969309536050243 11 8 6 2
-0.0038205698412596086 11 8 6 3
2.2221261447200023e-05 11 8 6 4
0.006581048076028698 11 8 6 5
0.00011484502608219337 11 8 6 6
0.002035700742031069 11 8 7 1
0.00032210541168740654 11 8 7 2
-0.00014445845128512597 11 8 7 3
0.0056495766794179446 11 8 7 4
2.7202342360382924e-05 11 8 7 5
0.0026562930181312483 11 8 7 6
3.2636875465621835e-06 11 8 7 7
0.0019491917032332276 11 8 8 1
0.0005538656544413986 11 8 8 2
1.3853961440582234e-05 11 8 8 3
0.003939735069141486 11 8 8 4
0.00013066682656926384 11 8 8 5
-0.0051978991073634365 11 8 8 6
0.0001053113341313768 11 8 8 7
9.101195738183963e-05 11 8 8 8
0.003976849141893768 11 8 9 1
-0.0001506567732169215 11 8 9 2
-5.228443770300419e-06 11 8 9 3
-0.005296284070322635 11 8 9 4
-1.325214120658852e-05 11 8 9 5
0.0030548827357887694 11 8 9 6
-0.00024611410761591024 11 8 9 7
-0.00027721562123539877 11 8 9 8
0.0004741006712879474 11 8 9 9
3.0232131414715615e-05 11 8 10 1
-0.0038270044567143037 11 8 10 2
-0.0013211594901221522 11 8 10 3
0.00025692992526105466 11 8 10 4
-0.002263861361285699 11 8 10 5
-0.00022948951112070995 11 8 10 6
-0.006835172615251395 11 8 10 7
-0.003071318617916614 11 8 10 8
0.005280325394965372 11 8 10 9
-0.0006246528973714915 11 8 10 10
-5.04365980877476e-05 11 8 11 1
-0.0019638486871350635 11 8 11 2
0.00233213881411567 11 8 11 3
3.360364679073053e-05 11 8 11 4
-0.005455109739909261 11 8 11 5
-0.0001046974187413721 11 8 11 6
-0.0005029272646908454 11 8 11 7
0.010872905087541586 11 8 11 8
-0.0007078871140953879 11 9 1 1
3.6936187577067316e-05 11 9 2 1
-0.00033278101288242455 11 9 2 2
0.0014468270228775928 11 9 3 1
-0.00027451840845561326 11 9 3 2
-5.830951047519505e-05 11 9 3 3
-0.0014434158247368359 11 9 4 1
0.035202795269537096 11 9 4 2
0.010799671093732458 11 9 4 3
-0.0001697816102358179 11 9 4 4
0.012695320565499768 11 9 5 1
0.0005490806670883166 11 9 5 2
-0.0004748629485564168 11 9 5 3
-4.6867565342156786e-05 11 9 5 4
0.0001756495234311539 11 9 5 5
0.0010757747933348252 11 9 6 1
-0.0026644717264233406 11 9 6 2
0.035764833280253414 11 9 6 3
0.00022262431724413544 11 9 6 4
0.002789426908297311 11 9 6 5
0.00022291644936503442 11 9 6 6
0.000426142394807348 11 9 7 1
0.0002303989625718719 11 9 7 2
0.0007244499765059472 11 9 7 3
-0.05938182866869258 11 9 7 4
0.00026316377156903947 11 9 7 5
-0.02867134932187458 11 9 7 6
7.65030254062087e-05 11 9 7 7
0.002400587673953861 11 9 8 1
0.00015526332122870287 11 9 8 2
1.541587362169552e-05 11 9 8 3
-0.03481524924571293 11 9 8 4
-0.001080766185087882 11 9 8 5
0.04696819901743836 11 9 8 6
0.00030376805218514406 11 9 8 7
-0.00017184994990279733 11 9 8 8
-0.03930504953912251 11 9 9 1
0.00036947282511134695 11 9 9 2
-0.00024342402314863105 11 9 9 3
-0.0017600920312163901 11 9 9 4
0.0008149069635095043 11 9 9 5
0.0036573609100396514 11 9 9 6
2.1253297306702828e-05 11 9 9 7
0.0016930453590042612 11 9 9 8
-0.004289087359845815 11 9 9 9
0.0011692552281487843 11 9 10 1
-0.0003679117849446789 11 9 10 2
-0.0014802994736982649 11 9 10 3
-0.0009641800466857275 11 9 10 4
0.01969389267726217 11 9 10 5
0.00125328408889739 11 9 10 6
-0.0010962419177186183 11 9 10 7
0.002555352054861522 11 9 10 8
-0.05632624810066567 11 9 10 9
0.004350138644232458 11 9 10 10
0.0003686187119620231 11 9 11 1
-0.00031958504528688893 11 9 11 2
-0.0013022267672826503 11 9 11 3
3.45772548776151e-05 11 9 11 4
0.05567800219780027 11 9 11 5
0.0006693951709325154 11 9 11 6
0.0006424160919227594 11 9 11 7
-0.0023578779763894944 11 9 11 8
0.03367721229121798 11 9 11 9
7.808881612737473e-05 11 10 1 1
0.0003689890275056377 11 10 2 1
0.0010654020510777597 11 10 2 2
-3.7881744213325716e-05 11 10 3 1
-0.0025120812819487996 11 10 3 2
0.0009247990180495195 11 10 3 3
-3.2393157182057036e-05 11 10 4 1
-0.0011028551513301422 11 10 4 2
-0.00034474127415777875 11 10 4 3
-0.0023015841920050527 11 10 4 4
-0.0003729013772019771 11 10 5 1
-8.002082951758046e-05 11 10 5 2
-0.0001049540386319441 11 10 5 3
-4.029142275530547e-05 11 10 5 4
0.00457638007896436 11 10 5 5
-6.64836922775543e-05 11 10 6 1
6.818548616076205e-05 11 10 6 2
-0.0011126918775618212 11 10 6 3
-0.0032804890604497187 11 10 6 4
0.0001564826284469577 11 10 6 5
-0.00202425534671441 11 10 6 6
2.2038982888981377e-05 11 10 7 1
0.0020522730805288755 11 10 7 2
0.0018357086780628538 11 10 7 3
0.0018584827272797803 11 10 7 4
0.00011869001319098238 11 10 7 5
0.0009240378401891617 11 10 7 6
-0.0015121040220051171 11 10 7 7
3.234924209768033e-05 11 10 8 1
-0.000397655399976596 11 10 8 2
0.0008450998098061706 11 10 8 3
0.0011043132773836278 11 10 8 4
0.00011884103668058875 11 10 8 5
-0.001465562153066342 11 10 8 6
0.0012692206742566064 11 10 8 7
-0.0005513567350587677 11 10 8 8
0.001117317065089149 11 10 9 1
-5.080055671883057e-05 11 10 9 2
0.00015982597756024623 11 10 9 3
-7.433740005703142e-05 11 10 9 4
-0.003651271448621185 11 10 9 5
-7.829356559513493e-05 11 10 9 6
-1.1944867432741668e-05 11 10 9 7
0.00039232017048381287 11 10 9 8
-0.006885312053302379 11 10 9 9
-0.002163701269092809 11 10 10 1
-0.00022140398575320065 11 10 10 2
3.150267621252986e-05 11 10 10 3
9.288060725210313e-05 11 10 10 4
-0.0004239125711745081 11 10 10 5
-1.3426053187898825e-05 11 10 10 6
-0.00011470645733933335 11 10 10 7
-0.00015338263221176534 11 10 10 8
0.0020148349799211695 11 10 10 9
-0.0007867312202882909 11 10 10 10
0.002331949535750101 11 10 11 1
-0.0002759964443651415 11 10 11 2
9.045214696898473e-05 11 10 11 3
-3.226232615840389e-05 11 10 11 4
-0.001747405413918738 11 10 11 5
-4.84493930429421e-05 11 10 11 6
-3.452063583414846e-05 11 10 11 7
0.00017780422017714333 11 10 11 8
-0.0008156010774591794 11 10 11 9
0.006401185313860262 11 10 11 10
0.2697960496912844 11 11 1 1
-0.0011475570749337415 11 11 2 1
0.22809984316042384 11 11 2 2
-0.0004673887001929631 11 11 3 1
-0.024379513682417215 11 11 3 2
0.346869589577772 11 11 3 3
-0.0012977855368842682 11 11 4 1
-0.0010988198466885765 11 11 4 2
-0.0002217535821991127 11 11 4 3
0.3566942799545812 11 11 4 4
-6.52703064246003e-05 11 11 5 1
-0.0009794216624715683 11 11 5 2
-0.000375469755247579 11 11 5 3
0.00012517147883902582 11 11 5 4
0.32964961071223736 11 11 5 5
0.0005643687365827083 11 11 6 1
0.00036640768499478487 11 11 6 2
-0.00047821676303963024 11 11 6 3
0.0053205849265827165 11 11 6 4
0.00010912641786762247 11 11 6 5
0.3229394672485517 11 11 6 6
0.00034591515058805794 11 11 7 1
-0.04247923198550425 11 11 7 2
0.011949389156696858 11 11 7 3
0.000480006181123882 11 11 7 4
0.0003049716402415479 11 11 7 5
0.00047378685648389 11 11 7 6
0.315784621513132 11 11 7 7
0.0010589187097968626 11 11 8 1
-0.02751149367391639 11 11 8 2
-0.013813185592119592 11 11 8 3
0.0002135499001614015 11 11 8 4
-6.648212140610603e-05 11 11 8 5
-0.0006412934591053882 11 11 8 6
0.011730106856374637 11 11 8 7
0.30800048549459036 11 11 8 8
0.004151784746551154 11 11 9 1
-0.000927622974976065 11 11 9 2
-0.001480310173087261 11 11 9 3
-0.00010657069579008384 11 11 9 4
0.002069481478252215 11 11 9 5
-0.0002598391623745244 11 11 9 6
0.0009457216027122185 11 11 9 7
-0.00048076647739250084 11 11 9 8
0.31781807106455967 11 11 9 9
0.07553126010035667 11 11 10 1
-0.004213604443330754 11 11 10 2
-0.0001746303956317956 11 11 10 3
-8.051329107528979e-05 11 11 10 4
-0.00016753905337342078 11 11 10 5
-0.0017857405964544417 11 11 10 6
0.0003189639298389728 11 11 10 7
0.000542004443926272 11 11 10 8
-0.0005790630030269817 11 11 10 9
0.2882682444350495 11 11 10 10
-0.010871501661089439 11 11 11 1
0.0004496992792614421 11 11 11 2
-4.304519807618354e-05 11 11 11 3
-0.0007646705175341647 11 11 11 4
-0.0006153358695182639 11 11 11 5
7.678614465703542e-06 11 11 11 6
-0.00014895608060010054 11 11 11 7
-3.550956972659628e-05 11 11 11 8
-0.00029791188869717335 11 11 11 9
0.0006253646490035617 11 11 11 10
0.31784340912164893 11 11 11 11
-0.0022925663133188823 12 1 1 1
5.518621212830082e-05 12 1 2 1
-0.0010684194143068333 12 1 2 2
0.00013543438658008135 12 1 3 1
0.0005903717393715603 12 1 3 2
-0.005171376516574949 12 1 3 3
-0.00015120354963187317 12 1 4 1
0.0008229273958401516 12 1 4 2
0.000272463160297153 12 1 4 3
-0.005623425783619608 12 1 4 4
0.0003697891259733065 12 1 5 1
0.00038912285244042743 12 1 5 2
-0.002065028770720747 12 1 5 3
-4.387600987988263e-06 12 1 5 4
-0.00432450163852118 12 1 5 5
-0.0006126899977266216 12 1 6 1
-0.00019502300581605226 12 1 6 2
0.0005267836239257316 12 1 6 3
-7.497582976679413e-05 12 1 6 4
5.774037116209845e-05 12 1 6 5
-0.004873449384104776 12 1 6 6
-3.851441716336175e-05 12 1 7 1
0.0019688033018396642 12 1 7 2
-0.000539120168665618 12 1 7 3
-0.0013044697107172823 12 1 7 4
0.0019797072094649014 12 1 7 5
-0.0005062704270407138 12 1 7 6
-0.0038778223729450975 12 1 7 7
-3.827638513762027e-05 12 1 8 1
0.00135018564824001 12 1 8 2
0.00011026929182213217 12 1 8 3
-0.0008530363206839667 12 1 8 4
0.002276737322979483 12 1 8 5
0.000976319348669407 12 1 8 6
-0.00019128817265006727 12 1 8 7
-0.00401342223777926 12 1 8 8
-0.001159911999155084 12 1 9 1
-0.0023315206827232114 12 1 9 2
0.005069437741614749 12 1 9 3
-3.040647276177554e-06 12 1 9 4
0.0003832448630082261 12 1 9 5
5.8541410211745425e-05 12 1 9 6
0.002963123815040577 12 1 9 7
-0.0017348961864339387 12 1 9 8
-0.004932446017710029 12 1 9 9
-0.0028294933134087206 12 1 10 1
0.0001303146274741156 12 1 10 2
-0.00020241200440936994 12 1 10 3
-5.9780023800201996e-05 12 1 10 4
0.0005333615216386196 12 1 10 5
-0.0003481780049627761 12 1 10 6
-0.00010491870431054272 12 1 10 7
0.00011398589798851416 12 1 10 8
-0.0009740322214013863 12 1 10 9
-0.002992064414941234 12 1 10 10
0.00026075504949337353 12 1 11 1
1.0236879875279066e-05 12 1 11 2
-6.476499112261623e-05 12 1 11 3
-0.0018509445392788544 12 1 11 4
0.0010451875302983265 12 1 11 5
0.00026279860710605636 12 1 11 6
-9.584311742360708e-06 12 1 11 7
-6.316291063811658e-05 12 1 11 8
0.0005460257197672784 12 1 11 9
2.403161013028517e-05 12 1 11 10
-0.003582119503935583 12 1 11 11
0.0065837188066066015 12 1 12 1
-0.0003340543694802587 12 2 1 1
0.0007300641652922695 12 2 2 1
-4.679146071226351e-05 12 2 2 2
0.0004601695099146446 12 2 3 1
1.3966497199851914e-05 12 2 3 2
-0.0003196660679935028 12 2 3 3
-0.00045895014357715756 12 2 4 1
0.012107743415206413 12 2 4 2
-0.0007769715730343173 12 2 4 3
-0.00044995396198580526 12 2 4 4
0.0069998901595545 12 2 5 1
3.066736426149744e-05 12 2 5 2
-0.00012270157179857755 12 2 5 3
-0.00022700669893968263 12 2 5 4
-0.00027838287374204695 12 2 5 5
0.0005521754170165138 12 2 6 1
-0.0027503855908672025 12 2 6 2
0.011203810589813314 12 2 6 3
0.000125010548319209 12 2 6 4
0.0007246824371308338 12 2 6 5
-0.0002230968592397387 12 2 6 6
0.0008725563078352466 12 2 7 1
0.00024287413995502366 12 2 7 2
0.0001836963374264126 12 2 7 3
-0.02049896807488465 12 2 7 4
-2.2599180409949842e-05 12 2 7 5
-0.005946927585210979 12 2 7 6
-0.00016439783764532798 12 2 7 7
0.0010490340640902948 12 2 8 1
0.00013097491926554794 12 2 8 2
1.643766006091501e-05 12 2 8 3
-0.011892560181387273 12 2 8 4
-0.00019469313023269912 12 2 8 5
0.0148300885559184 12 2 8 6
8.239439397163171e-05 12 2 8 7
-0.0002974344138441118 12 2 8 8
-0.01381365680258084 12 2 9 1
0.0007653301691255458 12 2 9 2
-6.25767137685534e-05 12 2 9 3
-0.0005774690005067316 12 2 9 4
0.00036693249875586174 12 2 9 5
0.001092108565717534 12 2 9 6
3.7737100856813625e-05 12 2 9 7
0.0004458780741688976 12 2 9 8
-0.0014000386800739333 12 2 9 9
0.00028467366740925914 12 2 10 1
-0.0007222925749662964 12 2 10 2
-0.0004490361500790681 12 2 10 3
-0.0003420901497435027 12 2 10 4
0.007612655191297943 12 2 10 5
0.0005009310093045432 12 2 10 6
-0.0007122886766290724 12 2 10 7
0.00041380313808842814 12 2 10 8
-0.015449954501885937 12 2 10 9
0.0010026932984477928 12 2 10 10
6.970856559775566e-05 12 2 11 1
-0.0001169229926893996 12 2 11 2
-0.00012038417134936797 12 2 11 3
-1.463086966272005e-05 12 2 11 4
0.01744108078845291 12 2 11 5
0.00029401825194631256 12 2 11 6
0.0001741399565387081 12 2 11 7
-0.0005187582293121237 12 2 11 8
0.0068854421283396985 12 2 11 9
-0.00019620008052597337 12 2 11 10
-0.00032999326259450663 12 2 11 11
8.927411441804359e-05 12 2 12 1
0.007022430395175769 12 2 12 2
0.001193014146016034 12 3 1 1
0.0015766082382709283 12 3 2 1
0.0008933279363637781 12 3 2 2
-0.0036718897680900774 12 3 3 1
0.00030890430870769323 12 3 3 2
-0.00010791991956575527 12 3 3 3
0.003431138681629095 12 3 4 1
-0.08160112459906887 12 3 4 2
-0.017243776732530896 12 3 4 3
-6.827132341037171e-05 12 3 4 4
-0.03851289927663591 12 3 5 1
-0.00085449878268998 12 3 5 2
0.0010792597519681155 12 3 5 3
0.00037493453375874575 12 3 5 4
-0.00020147972922334296 12 3 5 5
-0.002746071316180677 12 3 6 1
0.01202564762515852 12 3 6 2
-0.08343251974893963 12 3 6 3
-0.0008034530044267947 12 3 6 4
-0.005121500411194169 12 3 6 5
-0.0009335072254378053 12 3 6 6
-0.0008757491451314107 12 3 7 1
-8.1552905168338e-05 12 3 7 2
-0.001595655372979002 12 3 7 3
0.1344480336207651 12 3 7 4
-0.00042537955943042856 12 3 7 5
0.05373496030657928 12 3 7 6
-0.0006587658444593039 12 3 7 7
-0.004658078507448226 12 3 8 1
-0.0002676556202620011 12 3 8 2
3.4542860844789192e-06 12 3 8 3
0.08513627858491463 12 3 8 4
0.002765798214964767 12 3 8 5
-0.10576247506124416 12 3 8 6
-0.0004770261639138952 12 3 8 7
6.658264932956818e-05 12 3 8 8
0.08641750203200006 12 3 9 1
-0.0010258700669208993 12 3 9 2
0.0006315654912708002 12 3 9 3
0.003676747624302462 12 3 9 4
-0.0025080509394401792 12 3 9 5
-0.007604454539778646 12 3 9 6
-7.473729714160497e-05 12 3 9 7
-0.003528245038169457 12 3 9 8
0.008153403087217409 12 3 9 9
-0.002973375924638007 12 3 10 1
8.242164932857687e-05 12 3 10 2
0.0038842110474580182 12 3 10 3
0.002348453121350529 12 3 10 4
-0.056470010536719246 12 3 10 5
-0.0030096873858575365 12 3 10 6
0.001312926005974901 12 3 10 7
-0.00557714253468233 12 3 10 8
0.11838951799863903 12 3 10 9
-0.009499051471634766 12 3 10 10
-0.0005306760487995826 12 3 11 1
0.00034018593269326405 12 3 11 2
0.003341597288286783 12 3 11 3
-8.540333750707018e-05 12 3 11 4
-0.12627928877914193 12 3 11 5
-0.0015310041196100969 12 3 11 6
-0.001569184408158972 12 3 11 7
0.005921335252002874 12 3 11 8
-0.05884590413803585 12 3 11 9
0.0018395178940433454 12 3 11 10
0.0005388836696757081 12 3 11 11
-0.0013531010119820013 12 3 12 1
-0.021939578177809727 12 3 12 2
0.1506436393524587 12 3 12 3
0.00130585921650394 12 4 1 1
1.3737927938081596e-05 12 4 2 1
0.0017001481511307516 12 4 2 2
0.00011922325286815409 12 4 3 1
-0.0035179007423352783 12 4 3 2
-0.0004752374849512007 12 4 3 3
-0.00022594932282869306 12 4 4 1
-0.000595875070917174 12 4 4 2
-0.0001307703228910565 12 4 4 3
0.0018044835204543347 12 4 4 4
-0.00025714814782721245 12 4 5 1
-0.00014927867233409536 12 4 5 2
2.142116172783045e-05 12 4 5 3
6.230073748557894e-05 12 4 5 4
0.001575126166757413 12 4 5 5
-3.102420678725037e-06 12 4 6 1
8.687670063500333e-05 12 4 6 2
-0.0005462299239807111 12 4 6 3
-0.0034740222690419825 12 4 6 4
-3.135879375860086e-05 12 4 6 5
0.0020102900012544988 12 4 6 6
1.5748692885608221e-07 12 4 7 1
-0.0021627783939343016 12 4 7 2
0.005831704205314562 12 4 7 3
0.0009178778580420085 12 4 7 4
0.00011762578839491454 12 4 7 5
0.00039432599031033016 12 4 7 6
0.0039494871394605635 12 4 7 7
-4.61229254122376e-05 12 4 8 1
-0.0003494876063115468 12 4 8 2
0.0034651113854171933 12 4 8 3
0.000593592973853677 12 4 8 4
0.00030185294910539846 12 4 8 5
-0.0006995127480383967 12 4 8 6
-0.0001696701814681559 12 4 8 7
0.001498172445135293 12 4 8 8
0.0006262693980588466 12 4 9 1
6.665603794354137e-05 12 4 9 2
0.00025735142589686596 12 4 9 3
1.2456495820440949e-05 12 4 9 4
-0.0022294762266968334 12 4 9 5
-6.89199400088018e-05 12 4 9 6
-9.783906106677853e-05 12 4 9 7
7.77565652626146e-05 12 4 9 8
0.00041504546584446186 12 4 9 9
0.0010672015338014007 12 4 10 1
-3.800921306490808e-05 12 4 10 2
0.00012219178446951933 12 4 10 3
8.462740010852182e-05 12 4 10 4
-0.00028014040704360516 12 4 10 5
-2.575457991112568e-05 12 4 10 6
-1.2849881925118389e-05 12 4 10 7
-6.672080870594678e-05 12 4 10 8
0.0008522297941425218 12 4 10 9
0.0016599799247263723 12 4 10 10
0.0013968329444255811 12 4 11 1
-5.509638630833009e-05 12 4 11 2
1.7680654275353066e-05 12 4 11 3
-7.035196571482509e-05 12 4 11 4
-0.0008281648201348778 12 4 11 5
1.854914307537425e-05 12 4 11 6
-1.5326856340453204e-05 12 4 11 7
1.6934347204135415e-05 12 4 11 8
-0.00034750795268019937 12 4 11 9
0.0014299254877998433 12 4 11 10
-0.00020528889452622894 12 4 11 11
-0.00011154906644369444 12 4 12 1
-0.00016425044128631918 12 4 12 2
0.0009426583624524054 12 4 12 3
0.007585174266827843 12 4 12 4
-0.0004232214662796898 12 5 1 1
0.01105401014158167 12 5 2 1
0.0015039173714073836 12 5 2 2
-0.0031359970488006486 12 5 3 1
-0.0002681010773807378 12 5 3 2
0.0005273792307084927 12 5 3 3
4.087237022297989e-05 12 5 4 1
-0.0009986759757261428 12 5 4 2
-0.0001278701249016088 12 5 4 3
0.0003636668510743952 12 5 4 4
-0.0005207695268144064 12 5 5 1
2.2007476925082402e-05 12 5 5 2
2.7552169329929252e-05 12 5 5 3
-0.00016927892917710486 12 5 5 4
0.0003833617067564004 12 5 5 5
-3.052038903583959e-05 12 5 6 1
-5.51264115349111e-05 12 5 6 2
-0.001391148277539757 12 5 6 3
-1.5411629101675625e-05 12 5 6 4
0.0020614267772225557 12 5 6 5
0.0004687945299571971 12 5 6 6
0.004975953312856153 12 5 7 1
0.0004948177197240213 12 5 7 2
-2.8537783596731943e-05 12 5 7 3
0.0014633622459859243 12 5 7 4
4.2759018636614504e-05 12 5 7 5
0.00038222601610671833 12 5 7 6
0.00035564392207607706 12 5 7 7
0.004302042053900721 12 5 8 1
0.0005897732845189346 12 5 8 2
7.08686991187153e-05 12 5 8 3
0.0012352732350745584 12 5 8 4
5.226238587021427e-05 12 5 8 5
-0.001638880766604492 12 5 8 6
0.0002514251978765232 12 5 8 7
0.00042985991830424855 12 5 8 8
0.0014925077528825691 12 5 9 1
-0.0002598078061098986 12 5 9 2
-2.6656383022532233e-05 12 5 9 3
-0.00301054882708233 12 5 9 4
-3.804984826613897e-05 12 5 9 5
0.000979497965861604 12 5 9 6
-0.0003439862392687953 12 5 9 7
-0.00016614254038872661 12 5 9 8
0.000472183746144736 12 5 9 9
0.00046783329800782693 12 5 10 1
-0.0066834319362617965 12 5 10 2
-0.0012505546251918654 12 5 10 3
8.613166931976512e-05 12 5 10 4
-0.0008022730994952168 12 5 10 5
-6.970843128078678e-05 12 5 10 6
-0.008808966480415223 12 5 10 7
-0.0032135570194686625 12 5 10 8
0.0013969268078843529 12 5 10 9
3.9158386472375376e-05 12 5 10 10
-9.212343103177414e-05 12 5 11 1
-0.0006797867560033641 12 5 11 2
0.0007719173364580657 12 5 11 3
1.0907399032222747e-05 12 5 11 4
-0.0015593641744056478 12 5 11 5
-4.534116364043473e-05 12 5 11 6
-0.0022172823551185844 12 5 11 7
0.006550278009469062 12 5 11 8
-0.0001593762029728327 12 5 11 9
0.00018708833812812947 12 5 11 10
0.00037021616510640737 12 5 11 11
-4.9444374740322306e-05 12 5 12 1
3.871721099745734e-05 12 5 12 2
0.0018316762109935037 12 5 12 3
2.4265068352300303e-05 12 5 12 4
0.011340660932887641 12 5 12 5
-0.013342328316331115 12 6 1 1
0.0002884155595155942 12 6 2 1
-0.0075866078713190035 12 6 2 2
-0.00010997281811485807 12 6 3 1
0.004145842932229158 12 6 3 2
-0.03200664629774466 12 6 3 3
9.521840739487243e-05 12 6 4 1
-8.860219261673741e-05 12 6 4 2
-0.00011369418504871164 12 6 4 3
-0.01942083768683901 12 6 4 4
-9.296605676038544e-05 12 6 5 1
0.00012540024866414612 12 6 5 2
-0.00022909464102452524 12 6 5 3
-1.465673967012534e-05 12 6 5 4
-0.024282595127572672 12 6 5 5
-0.0003194963611270403 12 6 6 1
-3.19708339457814e-05 12 6 6 2
-0.00022637022815563917 12 6 6 3
-0.0007874065833426007 12 6 6 4
-1.90364552668634e-05 12 6 6 5
-0.022104460444888906 12 6 6 6
-2.714108635099403e-06 12 6 7 1
0.0035255727651256016 12 6 7 2
6.894896595667345e-05 12 6 7 3
0.00029637361989678636 12 6 7 4
-0.00012208335956846134 12 6 7 5
7.457013834055925e-05 12 6 7 6
-0.013959111185536421 12 6 7 7
6.599509977518746e-05 12 6 8 1
0.003479078927543233 12 6 8 2
-0.002694282781629598 12 6 8 3
0.00016613951836222477 12 6 8 4
0.00022570394874063375 12 6 8 5
-0.0002248982891251618 12 6 8 6
-0.0032365540731343736 12 6 8 7
-0.01251267285818794 12 6 8 8
-0.0002506459990030941 12 6 9 1
0.00018978540302138258 12 6 9 2
-9.554865706528888e-05 12 6 9 3
-1.837974420044321e-05 12 6 9 4
-0.0003768527659828607 12 6 9 5
4.8336587375002884e-05 12 6 9 6
-0.0003181552998922298 12 6 9 7
0.0004388878413051246 12 6 9 8
-0.01936060621012153 12 6 9 9
-0.009651084236004576 12 6 10 1
0.00042352902472392166 12 6 10 2
-7.634204937386294e-05 12 6 10 3
6.382442064492097e-07 12 6 10 4
-0.00013764137290689152 12 6 10 5
0.00039208798554700414 12 6 10 6
-0.00018811296859517105 12 6 10 7
1.3951707968837613e-05 12 6 10 8
0.000436891707841261 12 6 10 9
-0.016043462711211917 12 6 10 10
0.0005900048553937767 12 6 11 1
-6.942040593414723e-05 12 6 11 2
3.0146869861991762e-05 12 6 11 3
1.2406122255697947e-05 12 6 11 4
-0.00026474190576043555 12 6 11 5
3.817317767980608e-05 12 6 11 6
-4.529171501429298e-06 12 6 11 7
0.00011443860965493989 12 6 11 8
-0.00017884213782124754 12 6 11 9
-0.0010064043087858825 12 6 11 10
-0.02149966165916603 12 6 11 11
0.0004968694933447063 12 6 12 1
7.97091713744198e-06 12 6 12 2
0.0002988937524838706 12 6 12 3
0.0007292713686815603 12 6 12 4
-2.1866439809360335e-05 12 6 12 5
0.012609857677505174 12 6 12 6
0.00036183216849333054 12 7 1 1
0.0015177350076812245 12 7 2 1
0.0005381712637318528 12 7 2 2
-0.0014201596724649824 12 7 3 1
0.00015896214653594127 12 7 3 2
-0.0003502664075026272 12 7 3 3
0.0013593708765051815 12 7 4 1
-0.03433251729092452 12 7 4 2
5.127512023507973e-05 12 7 4 3
-9.323730875882949e-05 12 7 4 4
-0.015110333648902047 12 7 5 1
-0.00033996907376426723 12 7 5 2
0.0003536783472527398 12 7 5 3
0.0004256036796866998 12 7 5 4
-0.000227525292000847 12 7 5 5
-0.001149269525044931 12 7 6 1
0.004487375618999528 12 7 6 2
-0.02699480015945876 12 7 6 3
-0.00026130249996522573 12 7 6 4
-0.002005276233597806 12 7 6 5
-0.00047679603480453895 12 7 6 6
6.911486772822992e-05 12 7 7 1
6.272215240124805e-05 12 7 7 2
-0.0006619357398201964 12 7 7 3
0.05531806563209624 12 7 7 4
-0.00015388805347536468 12 7 7 5
0.021528327794598907 12 7 7 6
-0.0003765283883713299 12 7 7 7
-0.0015451089494496377 12 7 8 1
-5.283796725933874e-05 12 7 8 2
-7.872597055394977e-06 12 7 8 3
0.033845266767301305 12 7 8 4
0.0011750299514346346 12 7 8 5
-0.04575753858269095 12 7 8 6
-0.00020480810201358726 12 7 8 7
-4.776610339321561e-05 12 7 8 8
0.033001806643552525 12 7 9 1
-0.0001714585317774498 12 7 9 2
0.00021538202688731862 12 7 9 3
0.0012749174749374433 12 7 9 4
-0.0010378729506277553 12 7 9 5
-0.003288393770070938 12 7 9 6
-5.600144187741095e-05 12 7 9 7
-0.001418614656959387 12 7 9 8
0.0031423655076403506 12 7 9 9
-0.0011837448045489392 12 7 10 1
-0.0004986370457412624 12 7 10 2
0.0016467326626895137 12 7 10 3
0.0009224405746695005 12 7 10 4
-0.023894404363604037 12 7 10 5
-0.0012983015915868413 12 7 10 6
5.7551421895619547e-05 12 7 10 7
-0.002535287560422815 12 7 10 8
0.04688850571510688 12 7 10 9
-0.0038551110909149987 12 7 10 10
-0.0002021985259787186 12 7 11 1
0.00011759551720973163 12 7 11 2
0.00142927723472437 12 7 11 3
-1.99053371359322e-05 12 7 11 4
-0.04702506056331034 12 7 11 5
-0.000570538892754098 12 7 11 6
-0.0007505698171551219 12 7 11 7
0.002359050825848597 12 7 11 8
-0.021338690687524788 12 7 11 9
0.0006470851436412088 12 7 11 10
6.0392162422623135e-05 12 7 11 11
-0.0005155736314090524 12 7 12 1
-0.009002097823059304 12 7 12 2
0.054696153838119224 12 7 12 3
0.000366876444553354 12 7 12 4
0.0009391366731052495 12 7 12 5
0.0001734754573567016 12 7 12 6
0.028959286009503146 12 7 12 7
-0.00044929164567935795 12 8 1 1
-0.000936701274681357 12 8 2 1
-0.0005176565325162173 12 8 2 2
0.0011454104923115072 12 8 3 1
-0.0001634480414094842 12 8 3 2
6.411078564239597e-05 12 8 3 3
-0.001452470025810991 12 8 4 1
0.03423210169317825 12 8 4 2
0.010167160841024887 12 8 4 3
7.081539743960426e-05 12 8 4 4
0.01431823768901281 12 8 5 1
0.0005954404171507954 12 8 5 2
-0.0002531902061538314 12 8 5 3
-0.00042189664392333604 12 8 5 4
8.731345253904112e-05 12 8 5 5
0.0010715223884873821 12 8 6 1
-0.0021645426953714464 12 8 6 2
0.025068077292831267 12 8 6 3
0.00029076749185170833 12 8 6 4
0.001964106805242135 12 8 6 5
0.00034578236183876353 12 8 6 6
-7.475298422180077e-05 12 8 7 1
2.3887429066277005e-05 12 8 7 2
0.0005906057067135315 12 8 7 3
-0.05569473355690681 12 8 7 4
0.00023199913752204883 12 8 7 5
-0.025581567208084986 12 8 7 6
0.00024752989017304944 12 8 7 7
0.0016725536926738827 12 8 8 1
0.00010789151365122943 12 8 8 2
1.6374748057343977e-05 12 8 8 3
-0.035990440159368885 12 8 8 4
-0.0012096835147728166 12 8 8 5
0.04464251017511318 12 8 8 6
0.0002146551807237804 12 8 8 7
-4.766165608940954e-05 12 8 8 8
-0.03307601247144264 12 8 9 1
0.00017956128484170755 12 8 9 2
-0.00046281419757965064 12 8 9 3
-0.0014564712792495785 12 8 9 4
0.0009327842685919173 12 8 9 5
0.0032836843158847062 12 8 9 6
-5.850825651498993e-05 12 8 9 7
0.0015331547501882393 12 8 9 8
-0.00333698346952652 12 8 9 9
0.0011028955280177003 12 8 10 1
0.00017138406274441184 12 8 10 2
-0.0018850928062431453 12 8 10 3
-0.0009983597894347332 12 8 10 4
0.020720946267566823 12 8 10 5
0.0012336208001843083 12 8 10 6
-0.00027850847954217356 12 8 10 7
0.0029083826960655257 12 8 10 8
-0.04826008268565668 12 8 10 9
0.0038796718561293657 12 8 10 10
0.00020445471036799201 12 8 11 1
-0.00016622203645880312 12 8 11 2
-0.0012411536961220492 12 8 11 3
0.00014191720419307532 12 8 11 4
0.04774325712020769 12 8 11 5
0.0005230306316131456 12 8 11 6
0.0009807153636433672 12 8 11 7
-0.0024964611178297184 12 8 11 8
0.024217431448050396 12 8 11 9
-0.0007636786115222179 12 8 11 10
-0.0001816766950335259 12 8 11 11
0.0005238004964966558 12 8 12 1
0.006957154629904804 12 8 12 2
-0.055396049102941984 12 8 12 3
-0.0003799326338853608 12 8 12 4
-0.0007365514300401308 12 8 12 5
-0.00014688394110272054 12 8 12 6
-0.022651800475712597 12 8 12 7
0.03003883145696229 12 8 12 8
-0.000518691223454206 12 9 1 1
2.861201978826709e-05 12 9 2 1
0.001250020099669598 12 9 2 2
0.005013476690441784 12 9 3 1
-0.0001748304191621724 12 9 3 2
0.00012389768478285895 12 9 3 3
-8.483884744357665e-05 12 9 4 1
0.0031429652831840003 12 9 4 2
0.0005911178582835485 12 9 4 3
8.04095250885997e-05 12 9 4 4
0.0014578832257374393 12 9 5 1
-4.332904277883599e-05 12 9 5 2
-0.0001654269951250051 12 9 5 3
0.005421274181745001 12 9 5 4
0.00015321750282487663 12 9 5 5
0.00010260896869732929 12 9 6 1
-0.0002906227575142665 12 9 6 2
0.0025786107617372465 12 9 6 3
0.00010530756927212687 12 9 6 4
-0.0010129612109460791 12 9 6 5
-9.012700067502244e-06 12 9 6 6
0.003842690365718327 12 9 7 1
0.00033521844495934593 12 9 7 2
7.055084313294086e-05 12 9 7 3
-0.005196556030942039 12 9 7 4
7.781908539497757e-07 12 9 7 5
-0.002413335315897079 12 9 7 6
0.00011151868863204647 12 9 7 7
-0.0017701208115321542 12 9 8 1
-0.00014045649004213953 12 9 8 2
-0.00030751320742586683 12 9 8 3
-0.0036342751711167247 12 9 8 4
7.154108245641297e-05 12 9 8 5
0.004412965735784447 12 9 8 6
3.797612599651332e-05 12 9 8 7
0.00029711751881359984 12 9 8 8
-0.00358479994627035 12 9 9 1
-6.070200416806829e-07 12 9 9 2
0.0006149790804693289 12 9 9 3
0.00022163752204121324 12 9 9 4
0.0001441320899096055 12 9 9 5
-0.0010102520663840156 12 9 9 6
0.00013938355691090138 12 9 9 7
-0.00013482244012062827 12 9 9 8
-0.000301623326616256 12 9 9 9
0.00012900448351999417 12 9 10 1
-0.000621620901933726 12 9 10 2
0.008779410747031384 12 9 10 3
-8.022748505614365e-05 12 9 10 4
0.002096214076983881 12 9 10 5
0.00017428886807178777 12 9 10 6
0.0008559703511610115 12 9 10 7
-0.005311482506514405 12 9 10 8
-0.0049721710335143806 12 9 10 9
0.00015958724759384887 12 9 10 10
-6.632645940898349e-05 12 9 11 1
0.0011931515270912259 12 9 11 2
-0.0018824326575126009 12 9 11 3
-0.00018507355426401276 12 9 11 4
0.004474074003583396 12 9 11 5
0.00013314626684234653 12 9 11 6
-0.004289901165000531 12 9 11 7
-0.0010080675593622083 12 9 11 8
0.0023936384470835347 12 9 11 9
-6.953560124836123e-05 12 9 11 10
7.759936453093677e-05 12 9 11 11
0.00022661144073330767 12 9 12 1
0.0007670689160895907 12 9 12 2
-0.005325593611295167 12 9 12 3
-2.9756989808965616e-05 12 9 12 4
-0.00023359368318983108 12 9 12 5
-4.4361648185885965e-05 12 9 12 6
-0.0020072472396157706 12 9 12 7
0.0019367019179753644 12 9 12 8
0.011846002968646862 12 9 12 9
0.00010268172722496422 12 10 1 1
-0.00014960207349636216 12 10 2 1
2.6842063511761244e-05 12 10 2 2
-0.0001416253212587041 12 10 3 1
-0.00011191206827562992 12 10 3 2
0.0018175935337195815 12 10 3 3
-7.455475264740433e-05 12 10 4 1
0.000787489013535026 12 10 4 2
0.0002839283044725939 12 10 4 3
0.001600517845858203 12 10 4 4
0.0004883687723881368 12 10 5 1
-0.0026227333980783653 12 10 5 2
-0.0025583396370477685 12 10 5 3
-0.00023456783899836002 12 10 5 4
0.00147881938491543 12 10 5 5
7.39087382826651e-05 12 10 6 1
0.0001707167815750504 12 10 6 2
0.0006942069917671944 12 10 6 3
0.0002037804978995364 12 10 6 4
7.932637472654178e-05 12 10 6 5
0.001383815157262702 12 10 6 6
-0.00014028029100170071 12 10 7 1
-0.0006639470345837508 12 10 7 2
0.00024228085624373013 12 10 7 3
-0.0014497107182460532 12 10 7 4
0.00011146825691323407 12 10 7 5
-0.0006889316110378345 12 10 7 6
0.0012329189060200333 12 10 7 7
0.00012334454249585683 12 10 8 1
-0.0004047627330259496 12 10 8 2
-0.0007559189617553998 12 10 8 3
-0.0009260023928729348 12 10 8 4
0.0044125598978888925 12 10 8 5
0.0012802449663410222 12 10 8 6
-0.00024424632364949505 12 10 8 7
0.0011830052293820097 12 10 8 8
-0.0007863552380663519 12 10 9 1
0.0006164031801799352 12 10 9 2
0.008668985670362235 12 10 9 3
-3.034434177852365e-05 12 10 9 4
0.00043528941850157904 12 10 9 5
0.00013809997486086074 12 10 9 6
0.003821387300788677 12 10 9 7
-0.0024017670522131734 12 10 9 8
0.0006712680461574246 12 10 9 9
0.0007637273638757237 12 10 10 1
2.753762112223141e-06 12 10 10 2
-0.000735640515174133 12 10 10 3
-0.0006387298380716877 12 10 10 4
0.0006604631754709336 12 10 10 5
-0.0002648189873287444 12 10 10 6
-0.00018571695643370363 12 10 10 7
0.0004020813395286726 12 10 10 8
-0.0013165869853860707 12 10 10 9
0.0011445331798631186 12 10 10 10
8.589535433991614e-06 12 10 11 1
-3.2702697937750304e-05 12 10 11 2
1.4831589455662833e-05 12 10 11 3
-0.004295415591058143 12 10 11 4
0.001228761671618015 12 10 11 5
0.0016470451725662523 12 10 11 6
0.00019523711246093514 12 10 11 7
-4.110631902929993e-05 12 10 11 8
0.0006528970120696197 12 10 11 9
9.033269781453426e-06 12 10 11 10
0.0011687042452786967 12 10 11 11
0.003561468388754479 12 10 12 1
0.0002108352186022414 12 10 12 2
-0.0014692878535227584 12 10 12 3
2.7538573321658113e-05 12 10 12 4
-3.46666239338062e-05 12 10 12 5
-0.0002302824165903039 12 10 12 6
-0.0006130284957900107 12 10 12 7
0.0005569997009342232 12 10 12 8
-2.9603025715018488e-06 12 10 12 9
0.009659439004117936 12 10 12 10
9.222199201678177e-05 12 11 1 1
-4.995086598191146e-05 12 11 2 1
1.6784851149099945e-05 12 11 2 2
-4.300810663416364e-05 12 11 3 1
2.481834442588911e-05 12 11 3 2
0.0003180594502002622 12 11 3 3
0.001798912476862694 12 11 4 1
-0.00021298225362148296 12 11 4 2
-4.663843717915095e-05 12 11 4 3
0.00028423986453717225 12 11 4 4
-4.5507927097301106e-05 12 11 5 1
0.001166783585646334 12 11 5 2
-0.0035662408600270167 12 11 5 3
-5.49728655827785e-05 12 11 5 4
0.00010701018156636651 12 11 5 5
-4.012424854381697e-06 12 11 6 1
5.4296695691681554e-06 12 11 6 2
-0.00018035277881165937 12 11 6 3
3.2157352103507894e-05 12 11 6 4
-1.8334612895408353e-05 12 11 6 5
0.0001324359436593662 12 11 6 6
-2.762916463291403e-05 12 11 7 1
-0.0001239330879875961 12 11 7 2
3.113148401341174e-05 12 11 7 3
0.0002431620997160962 12 11 7 4
-0.003810038562727773 12 11 7 5
7.55420151161332e-05 12 11 7 6
0.0001217307298034209 12 11 7 7
-7.783659412580469e-07 12 11 8 1
1.06505235907379e-05 12 11 8 2
0.0001219003461952231 12 11 8 3
9.909695542136152e-05 12 11 8 4
0.002344300094137817 12 11 8 5
-0.00017366362448833318 12 11 8 6
0.00014792500896732434 12 11 8 7
-0.0002701647777477466 12 11 8 8
0.00019486543824759258 12 11 9 1
-0.0008488336548190467 12 11 9 2
-0.0029325821007377627 12 11 9 3
8.32011617593577e-05 12 11 9 4
0.00026529347273262534 12 11 9 5
-1.1780013117455495e-05 12 11 9 6
-0.000249323367151065 12 11 9 7
0.0025239876768241632 12 11 9 8
0.000608823060966224 12 11 9 9
9.228646240861279e-05 12 11 10 1
5.527716921761585e-05 12 11 10 2
6.991527316669949e-05 12 11 10 3
0.002007270073833911 12 11 10 4
-4.20583572997694e-05 12 11 10 5
0.00012032741412742788 12 11 10 6
4.2369126381308725e-05 12 11 10 7
-7.706104939348839e-05 12 11 10 8
0.00027373062170261443 12 11 10 9
4.680410642175052e-05 12 11 10 10
-0.00011692116288099815 12 11 11 1
2.961219003167656e-07 12 11 11 2
8.364359343514807e-06 12 11 11 3
0.001024637393031602 12 11 11 4
-0.00023751778454915952 12 11 11 5
0.0011920978354663574 12 11 11 6
2.914220689890257e-05 12 11 11 7
-2.0398679338285953e-05 12 11 11 8
-0.00012228196021183416 12 11 11 9
-4.5338789347608176e-05 12 11 11 10
0.000126030355424279 12 11 11 11
-0.0007604383372449212 12 11 12 1
-2.6115689588729306e-05 12 11 12 2
0.00024324852538166298 12 11 12 3
-5.778578626979625e-05 12 11 12 4
-4.19527252070634e-05 12 11 12 5
2.0647899347169853e-05 12 11 12 6
9.030236645759957e-05 12 11 12 7
-9.47474700344199e-05 12 11 12 8
-7.659092156772117e-05 12 11 12 9
-0.0008412456908376843 12 11 12 10
0.006370349398324277 12 11 12 11
0.28114089319383445 12 12 1 1
-0.00148835040027468 12 12 2 1
0.23703289009826956 12 12 2 2
-0.0006175875704940399 12 12 3 1
-0.028928636205167904 12 12 3 2
0.3790963014149129 12 12 3 3
-0.0016319455724856094 12 12 4 1
-0.0011485286518907298 12 12 4 2
-0.0001578620584112159 12 12 4 3
0.389663057944266 12 12 4 4
-4.948438971321225e-05 12 12 5 1
-0.0011069038246378372 12 12 5 2
-0.000204461871604129 12 12 5 3
0.00014307283179861323 12 12 5 4
0.34563932024812277 12 12 5 5
0.0007266370376265897 12 12 6 1
0.00042340418962761667 12 12 6 2
-0.00030870214279625507 12 12 6 3
0.002734096817508302 12 12 6 4
6.992523522228827e-05 12 12 6 5
0.344889152833149 12 12 6 6
0.00045371982900536744 12 12 7 1
-0.0538670166073248 12 12 7 2
0.020439502816894207 12 12 7 3
0.0002813297960034877 12 12 7 4
0.0003888550841679976 12 12 7 5
0.00038598015912183644 12 12 7 6
0.34037362112125635 12 12 7 7
0.001466703652796 12 12 8 1
-0.033107615585876216 12 12 8 2
-0.02130164860537449 12 12 8 3
7.496996447562684e-05 12 12 8 4
0.0002029776499723343 12 12 8 5
-0.0005137610710348889 12 12 8 6
0.012382949161662918 12 12 8 7
0.3332828032586898 12 12 8 8
0.004558441325915892 12 12 9 1
-0.0009678123636469327 12 12 9 2
-0.0022222055310908667 12 12 9 3
-0.00015390776734135208 12 12 9 4
-0.0025211979703768468 12 12 9 5
-0.00031027424986141084 12 12 9 6
0.0007819091679962261 12 12 9 7
-7.541865975835808e-05 12 12 9 8
0.3376898082036865 12 12 9 9
0.08708143882043223 12 12 10 1
-0.00441910319648788 12 12 10 2
-0.00038596810607816496 12 12 10 3
-0.00011817037290112975 12 12 10 4
8.428532407545904e-05 12 12 10 5
-0.0020101057516199094 12 12 10 6
0.0003485221482743903 12 12 10 7
0.0007904836409765243 12 12 10 8
-0.0009074993702917047 12 12 10 9
0.3047292939986166 12 12 10 10
-0.010665264149778047 12 12 11 1
0.00048750222188464305 12 12 11 2
-2.0689822726967802e-05 12 12 11 3
-0.0006861734960288185 12 12 11 4
-0.0003746625386124233 12 12 11 5
-0.0001166134092599204 12 12 11 6
-0.0001228286382129726 12 12 11 7
-5.2219742388800624e-05 12 12 11 8
-0.00016997091751014227 12 12 11 9
0.0010771636534133767 12 12 11 10
0.32622347580073 12 12 11 11
-0.0045084908421912945 12 12 12 1
-0.0003798768414477209 12 12 12 2
0.0003346292460085917 12 12 12 3
0.0013953551365017561 12 12 12 4
0.00042092447529756843 12 12 12 5
-0.02193134675924009 12 12 12 6
-8.63504111757213e-06 12 12 12 7
-0.0001181596458409718 12 12 12 8
5.566584912932072e-05 12 12 12 9
0.0012943112798156652 12 12 12 10
0.00013338000741109892 12 12 12 11
0.3621964791436102 12 12 12 12
-3.6012127770712934 1 1 0 0
0.016082078372191954 2 1 0 0
-3.027160798601515 2 2 0 0
0.00572184375990209 3 1 0 0
0.2891788493590732 3 2 0 0
-4.444359857423668 3 3 0 0
0.015902624001919777 4 1 0 0
0.010410786012090433 4 2 0 0
0.0020650261879404525 4 3 0 0
-4.614155306121463 4 4 0 0
-0.0003426458745893037 5 1 0 0
0.013738339030751395 5 2 0 0
0.003764824533167526 5 3 0 0
-0.0027697799219560306 5 4 0 0
-4.1492922886861905 5 5 0 0
-0.008852558143732512 6 1 0 0
-0.004562402289175625 6 2 0 0
0.0026230398916345546 6 3 0 0
-0.047057758696073225 6 4 0 0
0.002342034804587915 6 5 0 0
-4.229211988160987 6 6 0 0
-0.0069653766626499 7 1 0 0
0.5982225073972341 7 2 0 0
-0.1750380035920819 7 3 0 0
0.00020017014909429762 7 4 0 0
-0.0003697190091546017 7 5 0 0
-0.003762000991352878 7 6 0 0
-4.0200050481215905 7 7 0 0
-0.015298407808686569 8 1 0 0
0.3788831648276643 8 2 0 0
0.18044589949718648 8 3 0 0
0.0011974690570719531 8 4 0 0
-0.0057521738219097444 8 5 0 0
0.0033132703052783583 8 6 0 0
-0.07900591643588453 8 7 0 0
-3.997595283040418 8 8 0 0
-0.05112625197015522 9 1 0 0
0.012018800872326377 9 2 0 0
0.017117073480336628 9 3 0 0
0.00424438489688389 9 4 0 0
0.029539947933487028 9 5 0 0
0.002714393185113509 9 6 0 0
-0.007954416332806729 9 7 0 0
0.003752423561718506 9 8 0 0
-4.085375576247684 9 9 0 0
-1.0358303743702362 10 1 0 0
0.048375167545373035 10 2 0 0
0.0020382779958703526 10 3 0 0
0.0007974421194204904 10 4 0 0
-0.002168352036853326 10 5 0 0
0.024428075768344243 10 6 0 0
0.00019767816232861015 10 7 0 0
-0.004826193320496667 10 8 0 0
0.015535078787494272 10 9 0 0
-3.6578806965561776 10 10 0 0
0.12948343141334415 11 1 0 0
-0.00569371915651283 11 2 0 0
-0.0011468922286490438 11 3 0 0
0.007871635313258383 11 4 0 0
0.002208012882448686 11 5 0 0
0.000850799361283634 11 6 0 0
0.0010466244596336102 11 7 0 0
-0.00040640450280174096 11 8 0 0
0.0014430444189129582 11 9 0 0
0.006417367907245232 11 10 0 0
-3.8616813949217383 11 11 0 0
0.047333477440326954 12 1 0 0
0.0033703810873951185 12 2 0 0
-0.0007733930904347442 12 3 0 0
-0.005592409714657929 12 4 0 0
-0.005259264069401951 12 5 0 0
0.21180672955640262 12 6 0 0
0.0007621068344281891 12 7 0 0
0.0006986145979718133 12 8 0 0
-0.0024145964606244004 12 9 0 0
-0.015577150749645038 12 10 0 0
-0.0009713144422559957 12 11 0 0
-4.0855219731576256 12 12 0 0
-5063.555827347405 0 0 0 0
